0 0.565134103994273 0.07183065015697018 0.35723179201145394 0.10304527136958341
0 0.807671213916322 0.6591104014001656 0.07263861600890884 0.06939180913596843
0 0.48605929591027686 0.6868138410210016 0.3185521947008166 0.26810370533620986
0 0.8357485712126419 0.9334043945027606 0.07881589067472702 0.06346935775648746
0 0.6727400412158235 0.9014096867917015 0.13693747334499945 0.09306168249628825
0 0.7470047918921413 0.8341646330827999 0.062101105346908624 0.10319359905006031
0 0.6848967852482766 0.66283850972248 0.060174978675999566 0.07186171189493074
0 0.6311467186107753 0.445046822137809 0.0351204346753633 0.06586401741285464
0 0.6771864719525931 0.3849215496365718 0.06958634134309047 0.0754780348257091
0 0.5698216039942731 0.07207631162235943 0.10092724801081765 0.08492827792830412
0 0.6804392886298654 0.3069193803692664 0.06646134134309048 0.07531426051544958
0 0.5903029952657759 0.5288961996820003 0.11315452800763595 0.06214587516934209