2 0.45295735701722684 0.9266939639724832 0.34494702090551305 0.1466120720550336
2 0.19552939178279125 0.3452009165122213 0.0691742052052021 0.06322917549789597
2 0.4942175207643388 0.319766929210911 0.30565627872743373 0.24145341233586998
2 0.15555902623777207 0.08729664727492759 0.07358868942018656 0.058705366604888495
2 0.31009460779368575 0.11686264010335146 0.1296412683452643 0.08405259618646847
2 0.24364983141473934 0.18081352349846294 0.06161931043863911 0.0941517932839108
2 0.3098726128435961 0.3406175986335392 0.058418715728545755 0.06597222958157997
2 0.37096754949177235 0.5462426052569611 0.0363617052052021 0.0620833377489479
2 0.3305847441736308 0.6025273215916972 0.06632222099021767 0.06780754809323426
2 0.4459037202137588 0.8958085848385411 0.0980272472985769 0.07671132213985139
2 0.46459978328323376 0.9811656983633867 0.11228716837349921 0.03766860327322661
2 0.35863050434403865 0.9710441646981227 0.07735072625188959 0.05791167060375457
2 0.3316914888413718 0.6750744441870354 0.06475972099021768 0.06775298439090331
2 0.4053432785156721 0.4671379478152325 0.10759966837349917 0.05365576805616747