0 0.12259615384615384 0.2920673076923077 0.19230769230769232 0.1466346153846154
0 0.45552884615384615 0.4375 0.17548076923076922 0.14423076923076922
0 0.3641826923076923 0.2608173076923077 0.16346153846153846 0.14182692307692307
0 0.25961538461538464 0.27403846153846156 0.10096153846153846 0.11778846153846154
0 0.5228365384615384 0.7415865384615384 0.11778846153846154 0.12980769230769232
0 0.3605769230769231 0.7091346153846154 0.1875 0.1201923076923077
0 0.2536057692307692 0.6141826923076923 0.15625 0.11057692307692307
0 0.19230769230769232 0.5024038461538461 0.17548076923076922 0.15625
0 0.11177884615384616 0.12740384615384615 0.1971153846153846 0.1971153846153846
0 0.9591346153846154 0.6550480769230769 0.0673076923076923 0.11538461538461539
0 0.8725961538461539 0.6189903846153846 0.055288461538461536 0.06490384615384616
0 0.7824519230769231 0.5360576923076923 0.08413461538461539 0.10576923076923077
0 0.7007211538461539 0.4423076923076923 0.057692307692307696 0.09134615384615384
0 0.5817307692307693 0.32091346153846156 0.0985576923076923 0.13701923076923078
0 0.46875 0.1141826923076923 0.12980769230769232 0.16105769230769232
0 0.25600961538461536 0.13942307692307693 0.2668269230769231 0.21153846153846154