21 0.07091346153846154 0.25721153846153844 0.04567307692307692 0.3233173076923077
21 0.5949519230769231 0.27884615384615385 0.07692307692307693 0.44471153846153844
21 0.8870192307692307 0.2776442307692308 0.027644230769230768 0.3389423076923077
21 0.671875 0.25240384615384615 0.0625 0.31971153846153844
21 0.30288461538461536 0.27283653846153844 0.05048076923076923 0.3449519230769231
21 0.18509615384615385 0.2620192307692308 0.06129807692307692 0.35096153846153844
21 0.24519230769230768 0.7427884615384616 0.056490384615384616 0.4110576923076923
21 0.75 0.25961538461538464 0.046875 0.3269230769230769
21 0.9399038461538461 0.25961538461538464 0.055288461538461536 0.21754807692307693
21 0.38100961538461536 0.2644230769230769 0.0625 0.4375
21 0.44471153846153844 0.24519230769230768 0.06610576923076923 0.39663461538461536