0 0.35216346153846156 0.8533653846153846 0.19951923076923078 0.10096153846153846
0 0.34975961538461536 0.7175480769230769 0.19471153846153846 0.09134615384615384
0 0.06009615384615385 0.13822115384615385 0.09134615384615384 0.07211538461538461
0 0.06490384615384616 0.3293269230769231 0.10096153846153846 0.08413461538461539
0 0.0673076923076923 0.22716346153846154 0.10096153846153846 0.07211538461538461
0 0.07091346153846154 0.43509615384615385 0.11057692307692307 0.07211538461538461
0 0.33533653846153844 0.1346153846153846 0.16826923076923078 0.09615384615384616
0 0.09615384615384616 0.8810096153846154 0.16105769230769232 0.10576923076923077
0 0.08173076923076923 0.7620192307692307 0.14423076923076922 0.08653846153846154
0 0.34615384615384615 0.24158653846153846 0.1875 0.09134615384615384
0 0.6009615384615384 0.13822115384615385 0.20432692307692307 0.11778846153846154
0 0.08413461538461539 0.6442307692307693 0.13942307692307693 0.052884615384615384
0 0.6057692307692307 0.8882211538461539 0.21634615384615385 0.11057692307692307
0 0.6045673076923077 0.7379807692307693 0.21394230769230768 0.09615384615384616
0 0.8545673076923077 0.4423076923076923 0.23076923076923078 0.11538461538461539
0 0.8473557692307693 0.2776442307692308 0.21634615384615385 0.10096153846153846
0 0.8485576923076923 0.14423076923076922 0.21634615384615385 0.09615384615384616
0 0.6009615384615384 0.2920673076923077 0.2091346153846154 0.11538461538461539
0 0.34375 0.35096153846153844 0.17548076923076922 0.09615384615384616