21 0.2536057692307692 0.9314903846153846 0.265625 0.057692307692307696
21 0.7427884615384616 0.9387019230769231 0.3233173076923077 0.06850961538461539
21 0.7247596153846154 0.41225961538461536 0.453125 0.09495192307692307
21 0.7451923076923077 0.11778846153846154 0.4254807692307692 0.06610576923076923
21 0.7403846153846154 0.33774038461538464 0.390625 0.0829326923076923
21 0.7271634615384616 0.6971153846153846 0.3449519230769231 0.04807692307692308
21 0.7379807692307693 0.8137019230769231 0.35096153846153844 0.038461538461538464
21 0.25961538461538464 0.7608173076923077 0.4110576923076923 0.06850961538461539
21 0.7487980769230769 0.25961538461538464 0.3449519230769231 0.06850961538461539
21 0.7403846153846154 0.06009615384615385 0.21754807692307693 0.055288461538461536
21 0.7355769230769231 0.6286057692307693 0.4375 0.04326923076923077
21 0.7548076923076923 0.5661057692307693 0.39663461538461536 0.04326923076923077