0 0.4362980769230769 0.46875 0.6875 0.1346153846153846
0 0.28846153846153844 0.0733173076923077 0.4014423076923077 0.09615384615384616
0 0.28125 0.1466346153846154 0.37259615384615385 0.08653846153846154
0 0.33653846153846156 0.19831730769230768 0.5096153846153846 0.10576923076923077
0 0.3798076923076923 0.25240384615384615 0.5625 0.125
0 0.40024038461538464 0.3173076923076923 0.6129807692307693 0.1201923076923077
0 0.42908653846153844 0.3942307692307692 0.6274038461538461 0.1201923076923077
0 0.4879807692307692 0.9230769230769231 0.7788461538461539 0.13701923076923078
0 0.47475961538461536 0.8389423076923077 0.7908653846153846 0.125
0 0.47836538461538464 0.7524038461538461 0.8028846153846154 0.13942307692307693
0 0.46033653846153844 0.6598557692307693 0.7211538461538461 0.15865384615384615
0 0.45913461538461536 0.5637019230769231 0.7596153846153846 0.17067307692307693