14 0.759375 0.24486177968749998 0.9179987984375 0.24486177968749998 0.9179987984375 0.425 0.759375 0.425
14 0.74375 0.47902644062500005 0.8918269234375 0.47902644062500005 0.8918269234375 0.675 0.74375 0.675
14 0.7578125 0.6851262 0.83125 0.6851262 0.83125 0.9625 0.7578125 0.9625
14 0.6375 0.681790865625 0.7007511984375 0.681790865625 0.7007511984375 0.953125 0.6375 0.953125
14 0.509375 0.23512620156250003 0.5741586546875 0.23512620156250003 0.5741586546875 0.434375 0.509375 0.434375
14 0.5125 0.4771334109375 0.5707932671875 0.4771334109375 0.5707932671875 0.6703125 0.5125 0.6703125
14 0.509375 0.6851262015625 0.5663762 0.6851262015625 0.5663762 0.9 0.509375 0.9
14 0.4015625 0.2348557703125 0.46865985468750004 0.2348557703125 0.46865985468750004 0.4203125 0.4015625 0.4203125
14 0.41875 0.4679987984375 0.47334735781250004 0.4679987984375 0.47334735781250004 0.671875 0.41875 0.671875
14 0.4234375 0.6773737984375 0.4771334109375 0.6773737984375 0.4771334109375 0.8875 0.4234375 0.8875
14 0.3171875 0.05066105625 0.37611177812499996 0.05066105625 0.37611177812499996 0.2671875 0.3171875 0.2671875
14 0.3296875 0.3898737984375 0.3901442296875 0.3898737984375 0.3901442296875 0.625 0.3296875 0.625
14 0.3375 0.6605468734375 0.40228365468750005 0.6605468734375 0.40228365468750005 0.8953125 0.3375 0.8953125
14 0.2171875 0.3818209125 0.303125 0.3818209125 0.303125 0.609375 0.2171875 0.609375
14 0.2421875 0.641796875 0.3195613 0.641796875 0.3195613 0.8859375 0.2421875 0.8859375
14 0.1328125 0.6520432703125 0.20625 0.6520432703125 0.20625 0.8875 0.1328125 0.8875