14 0.08173076875 0.2451923078125 0.2427884609375 0.2451923078125 0.2427884609375 0.427884615625 0.08173076875 0.427884615625
14 0.1081730765625 0.478365384375 0.2572115390625 0.478365384375 0.2572115390625 0.67548076875 0.1081730765625 0.67548076875
14 0.16826923124999998 0.685096153125 0.2427884609375 0.685096153125 0.2427884609375 0.9639423078125 0.16826923124999998 0.9639423078125
14 0.299278846875 0.681490384375 0.3641826921875 0.681490384375 0.3641826921875 0.953125 0.299278846875 0.953125
14 0.42548076874999996 0.23557692343749997 0.490384615625 0.23557692343749997 0.490384615625 0.4375 0.42548076874999996 0.4375
14 0.4290865390625 0.4771634609375 0.48918269218750005 0.4771634609375 0.48918269218750005 0.671875 0.4290865390625 0.671875
14 0.43389423125000004 0.685096153125 0.4915865390625 0.685096153125 0.4915865390625 0.9014423078125 0.43389423125000004 0.9014423078125
14 0.53125 0.23557692343749997 0.5985576921875 0.23557692343749997 0.5985576921875 0.4230769234375 0.53125 0.4230769234375
14 0.5264423078125 0.4675480765625 0.58173076875 0.4675480765625 0.58173076875 0.671875 0.5264423078125 0.671875
14 0.5228365390625 0.6766826921875 0.578125 0.6766826921875 0.578125 0.888221153125 0.5228365390625 0.888221153125
14 0.6237980765625 0.05048076875 0.68389423125 0.05048076875 0.68389423125 0.26923076875 0.6237980765625 0.26923076875
14 0.6105769234375 0.3894230765625 0.6730769234375 0.3894230765625 0.6730769234375 0.625 0.6105769234375 0.625
14 0.59735576875 0.65985576875 0.662259615625 0.65985576875 0.662259615625 0.8954326921875 0.59735576875 0.8954326921875
14 0.697115384375 0.3822115390625 0.783653846875 0.3822115390625 0.783653846875 0.61298076875 0.697115384375 0.61298076875
14 0.6802884609375 0.6418269234375 0.759615384375 0.6418269234375 0.759615384375 0.88701923125 0.6802884609375 0.88701923125
14 0.79326923125 0.65264423125 0.8677884609375001 0.65264423125 0.8677884609375001 0.890625 0.79326923125 0.890625