3 0.1859375 0.546875 0.371875 0.90625
3 0.30390625 0.36796875 0.11328125 0.26953125
3 0.3859375 0.390625 0.0984375 0.3296875
3 0.453125 0.39453125 0.0984375 0.28359375
3 0.48828125 0.1671875 0.103125 0.2453125
3 0.56640625 0.16953125 0.103125 0.2328125
3 0.55546875 0.428125 0.11328125 0.2953125
3 0.68125 0.4390625 0.1390625 0.3609375
3 0.6546875 0.1765625 0.11328125 0.2328125
3 0.740625 0.16796875 0.103125 0.2546875
3 0.81640625 0.321875 0.146875 0.4953125
3 0.93125 0.19921875 0.1203125 0.303125
3 0.9171875 0.48828125 0.1203125 0.38203125
3 0.02265625 0.18515625 0.0453125 0.15859375
3 0.06015625 0.15 0.06953125 0.071875