3 0.25234375 0.4890625 0.5046875 0.94921875
3 0.39453125 0.34609375 0.14453125 0.2765625
3 0.47109375 0.384375 0.1421875 0.334375
3 0.53828125 0.4 0.134375 0.28828125
3 0.59609375 0.18359375 0.134375 0.2546875
3 0.671875 0.19921875 0.13203125 0.24296875
3 0.634375 0.453125 0.146875 0.303125
3 0.75859375 0.48828125 0.18515625 0.36796875
3 0.759375 0.2234375 0.1421875 0.24296875
3 0.84375 0.2328125 0.13671875 0.26171875
3 0.89921875 0.39921875 0.2015625 0.5
3 0.9734375 0.2984375 0.053125 0.30546875
3 0.95078125 0.5828125 0.0984375 0.38671875
3 0.1234375 0.10703125 0.09375 0.165625
3 0.0875 0.12890625 0.0796875 0.21171875
3 0.1765625 0.084375 0.0765625 0.0796875