3 0.7765625 0.5984375 0.446875 0.803125
3 0.65 0.43515625 0.11328125 0.24296875
3 0.57421875 0.446875 0.10546875 0.30078125
3 0.51328125 0.44453125 0.10078125 0.25703125
3 0.5 0.23671875 0.10546875 0.2234375
3 0.428125 0.23046875 0.103125 0.2140625
3 0.41796875 0.4640625 0.115625 0.26953125
3 0.303125 0.46015625 0.14453125 0.3265625
3 0.34609375 0.22734375 0.11328125 0.21171875
3 0.2703125 0.2125 0.10546875 0.2328125
3 0.18984375 0.34140625 0.15390625 0.44921875
3 0.0953125 0.22265625 0.12265625 0.27421875
3 0.08515625 0.48046875 0.12734375 0.35078125
3 0.93125 0.30078125 0.07421875 0.146875
3 0.98984375 0.3171875 0.0203125 0.178125
3 0.96640625 0.33046875 0.0671875 0.19453125
3 0.88671875 0.2640625 0.0671875 0.0671875