3 0.92578125 0.5296875 0.10546875 0.32421875
3 0.8546875 0.5375 0.10078125 0.23046875
3 0.0421875 0.7140625 0.084375 0.228125
3 0.01953125 0.6921875 0.03828125 0.18984375
3 0.10078125 0.70703125 0.09375 0.22578125
3 0.171875 0.70546875 0.1078125 0.2546875
3 0.24140625 0.7140625 0.1078125 0.28359375
3 0.3234375 0.7078125 0.103125 0.26171875
3 0.4234375 0.725 0.12265625 0.30078125
3 0.5015625 0.6921875 0.1203125 0.28125
3 0.5578125 0.65859375 0.10078125 0.2640625
3 0.6 0.61640625 0.1109375 0.27890625
3 0.646875 0.64921875 0.1296875 0.31015625
3 0.68046875 0.640625 0.1203125 0.3171875
3 0.7078125 0.60234375 0.09609375 0.29296875
3 0.7359375 0.5765625 0.10078125 0.26171875
3 0.35234375 0.5640625 0.07421875 0.09375
3 0.27734375 0.603125 0.07421875 0.1421875