3 0.8140625 0.80078125 0.178125 0.32421875
3 0.725 0.7765625 0.1203125 0.240625
3 0.01171875 0.63984375 0.0234375 0.2328125
3 0.05078125 0.66796875 0.10078125 0.2640625
3 0.0953125 0.7046875 0.13203125 0.29296875
3 0.1703125 0.73046875 0.125 0.26953125
3 0.25234375 0.78984375 0.1515625 0.31015625
3 0.3390625 0.7875 0.14453125 0.290625
3 0.40234375 0.7765625 0.125 0.2765625
3 0.46015625 0.75234375 0.134375 0.28828125
3 0.490625 0.80390625 0.15625 0.32421875
3 0.521875 0.8078125 0.14921875 0.3296875
3 0.56484375 0.7796875 0.1203125 0.303125
3 0.60078125 0.765625 0.12265625 0.271875
3 0.25703125 0.6 0.08203125 0.0984375
3 0.17421875 0.609375 0.08671875 0.146875