1 0.39453125 0.48125 0.0578125 0.040625
1 0.46796875 0.4796875 0.053125 0.040625
1 0.5351625 0.48046875 0.05703125 0.04140625
1 0.62421875 0.4828125 0.05703125 0.03984375
1 0.67734375 0.5101625 0.08125 0.0625
1 0.553125 0.5078125 0.0796875 0.05859375
1 0.45078125 0.50703125 0.08125 0.05859375
1 0.35390625 0.50859375 0.08125 0.0601625
1 0.2984375 0.54609375 0.1140625 0.08828125
1 0.434375 0.54296875 0.11171875 0.084375
1 0.57109375 0.54296875 0.1101625 0.0851625
1 0.74296875 0.55 0.11328125 0.0851625
1 0.196875 0.62265625 0.17265625 0.1359375
1 0.3984375 0.6171875 0.16484375 0.1351625
1 0.6101625 0.6171875 0.16640625 0.1328125
1 0.86875 0.62734375 0.18125 0.1359375