1 0.24453125 0.78359375 0.33515625 0.1875
1 0.7984375 0.728125 0.321875 0.17421875
1 0.87265625 0.58125 0.2546875 0.121875
1 0.52578125 0.61015625 0.28203125 0.13046875
1 0.11640625 0.6453125 0.23125 0.1390625
1 0.2375 0.53125 0.1515625 0.08828125
1 0.5203125 0.5125 0.146875 0.0875
1 0.7890625 0.4921875 0.146875 0.084375
1 0.96796875 0.421875 0.0640625 0.06875
1 0.775 0.43671875 0.19296875 0.08125
1 0.5640625 0.45 0.19296875 0.0859375
1 0.32578125 0.4625 0.196875 0.0875
1 0.0890625 0.47734375 0.1765625 0.0890625
1 0.03041875 0.2109375 0.0109375 0.0578125
1 0.3984375 0.21791875 0.15859375 0.0859375
1 0.5291875 0.2734375 0.1828125 0.09375