1 0.034375 0.22890625 0.06875 0.03671875
1 0.0875 0.23125 0.11171875 0.0515625
1 0.02578125 0.309375 0.0515625 0.04609375
1 0.0484375 0.45078125 0.0953125 0.05546875
1 0.09765625 0.7328125 0.19453125 0.0828125
1 0.23125 0.2546875 0.1234375 0.0578125
1 0.14453125 0.33046875 0.1421875 0.0671875
1 0.403125 0.2828125 0.1203125 0.0609375
1 0.334375 0.36796875 0.159375 0.071875
1 0.2328125 0.49765625 0.1921875 0.09296875
1 0.41875 0.85703125 0.31796875 0.1515625
1 0.5125 0.57578125 0.2265625 0.10703125
1 0.56171875 0.4125 0.175 0.084375
1 0.59921875 0.3109375 0.1453125 0.065625
1 0.8296875 0.346875 0.16015625 0.07265625
1 0.8546875 0.47109375 0.2 0.09453125
1 0.8703125 0.6734375 0.25859375 0.12421875