1 0.91484375 0.68984375 0.0859375 0.12265625
1 0.8859375 0.3921875 0.0796875 0.09921875
1 0.859375 0.13671875 0.071875 0.0875
1 0.63125 0.690625 0.0875 0.0890625
1 0.3984375 0.859375 0.0820311 0.11171875
1 0.40311 0.6914061 0.08046875 0.1070311
1 0.4070311 0.534375 0.07811 0.095311
1 0.4101561 0.39061 0.0734375 0.089061
1 0.4171875 0.17811 0.0695311 0.084375
1 0.111 0.8570311 0.07734375 0.1132811
1 0.1421875 0.534375 0.0757811 0.095311
1 0.1570311 0.3914061 0.06875 0.09061
1 0.1811 0.13359375 0.0664061 0.0796875