1 0.10234375 0.67421875 0.17578125 0.15234375
1 0.28046875 0.6546875 0.2453125 0.16953125
1 0.33203125 0.55546875 0.221875 0.15859375
1 0.52578125 0.67734375 0.31015625 0.1890625
1 0.55546875 0.52890625 0.2765625 0.178125
1 0.578125 0.4421875 0.25546875 0.16953125
1 0.6734375 0.26875 0.12109375 0.07109375
1 0.78203125 0.259375 0.14765625 0.07109375
1 0.90703125 0.2351625 0.19375 0.0765625
1 0.79140625 0.1671875 0.128125 0.06796875
1 0.91953125 0.1546875 0.1359375 0.07265625
1 0.91484375 0.0765625 0.146875 0.06953125