1 0.05859375 0.9296875 0.0815 0.065625
1 0.11875 0.8140625 0.0820315 0.06796875
1 0.24765625 0.8875 0.0815 0.065625
1 0.5765625 0.8421875 0.0765625 0.065625
1 0.7257815 0.85 0.070315 0.06171875
1 0.795315 0.82109375 0.07265625 0.06796875
1 0.9375 0.4695315 0.07734375 0.07815
1 0.87421875 0.6195315 0.0757815 0.0734375
1 0.7609375 0.35 0.0815 0.082815
1 0.6609375 0.53359375 0.0815 0.07265625
1 0.63671875 0.65234375 0.075 0.07265625
1 0.25 0.61875 0.0820315 0.0734375
1 0.3796875 0.684375 0.0815 0.07109375
1 0.396875 0.546875 0.082815 0.0695315
1 0.2890625 0.47890625 0.084375 0.0765625
1 0.31640625 0.2570315 0.0859375 0.0875
1 0.36875 0.15 0.0890625 0.0875
1 0.47421875 0.35625 0.0820315 0.0796875
1 0.496875 0.20315 0.0859375 0.0875