1 0.1234375 0.2484375 0.0921875 0.04765625
1 0.13515625 0.315625 0.0953125 0.0453125
1 0.14453125 0.3625 0.09921875 0.0484375
1 0.15703125 0.41875 0.10078125 0.053125
1 0.14140625 0.5111875 0.10625 0.0578125
1 0.13828125 0.62109375 0.1125 0.06015625
1 0.15625 0.7296875 0.11640625 0.06328125
1 0.2453125 0.26015625 0.084375 0.05
1 0.378125 0.26796875 0.0828125 0.0484375
1 0.4984375 0.27109375 0.0828125 0.0453125
1 0.61875 0.30078125 0.0828125 0.046875
1 0.7296875 0.3171875 0.084375 0.0484375
1 0.83359375 0.31953125 0.0828125 0.04453125
1 0.934375 0.33125 0.084375 0.0453125