13 0.471875 0.54609375 0.013671875 0.02734375
13 0.446875 0.618359375 0.016015625 0.020703125
13 0.40078125 0.6578125 0.01328125 0.0296875
13 0.408203125 0.61484375 0.01875 0.02578125
13 0.384375 0.59296875 0.011328125 0.0328125
13 0.3765625 0.534765625 0.010546875 0.02734375
13 0.41171875 0.4703125 0.011328125 0.028125
13 0.3421875 0.496875 0.009765625 0.025
13 0.3359375 0.5546875 0.015625 0.023046875
13 0.36015625 0.64921875 0.0171875 0.022265625
13 0.413671875 0.541015625 0.018359375 0.02734375
13 0.398046875 0.5796875 0.010546875 0.010546875