13 0.55390625 0.316796875 0.016015625 0.01875
13 0.46328125 0.263671875 0.016796875 0.0171875
13 0.50390625 0.255859375 0.01484375 0.0328125
13 0.576171875 0.237890625 0.0125 0.025390625
13 0.5921875 0.1765625 0.00859375 0.02578125
13 0.54296875 0.173828125 0.01328125 0.029296875
13 0.494140625 0.1828125 0.015625 0.0171875
13 0.463671875 0.1578125 0.019140625 0.018359375
13 0.503125 0.142578125 0.01640625 0.0171875
13 0.47265625 0.11328125 0.012109375 0.02734375
13 0.530859375 0.10703125 0.0140625 0.0171875
13 0.415234375 0.212890625 0.0109375 0.027734375