13 0.440625 0.61796875 0.02890625 0.0390625
13 0.484375 0.56953125 0.0265625 0.02578125
13 0.576171875 0.55 0.0171875 0.038671875
13 0.46875 0.5046875 0.018359375 0.037109375
13 0.548046875 0.459765625 0.0203125 0.026953125
13 0.503515625 0.425390625 0.01484375 0.029296875
13 0.415625 0.461328125 0.01796875 0.0375
13 0.427734375 0.54609375 0.02421875 0.02421875
13 0.3703125 0.555859375 0.01953125 0.03515625
13 0.49296875 0.327734375 0.02109375 0.0234375
13 0.4296875 0.368359375 0.014453125 0.026171875
13 0.374609375 0.401171875 0.022265625 0.02421875