13 0.547265625 0.640234375 0.025 0.0359375
13 0.409375 0.62890625 0.0203125 0.043359375
13 0.3921875 0.516796875 0.02421875 0.03125
13 0.475 0.550390625 0.025 0.034765625
13 0.54765625 0.5390625 0.0140625 0.0421875
13 0.6046875 0.52265625 0.02109375 0.043359375
13 0.573828125 0.442578125 0.015234375 0.037890625
13 0.524609375 0.465625 0.025390625 0.027734375
13 0.575 0.32109375 0.026171875 0.02734375
13 0.50078125 0.34609375 0.018359375 0.027734375
13 0.465234375 0.403515625 0.02421875 0.025390625
13 0.377734375 0.39921875 0.01953125 0.033203125