13 0.40234375 0.76796875 0.058203125 0.044140625
13 0.34609375 0.638671875 0.0265625 0.04921875
13 0.282421875 0.613671875 0.0359375 0.037109375
13 0.352734375 0.5609375 0.01875 0.0421875
13 0.40546875 0.57578125 0.033203125 0.0484375
13 0.328515625 0.515625 0.026953125 0.03203125
13 0.42734375 0.498046875 0.030859375 0.029296875
13 0.5125 0.45234375 0.029296875 0.026171875
13 0.511328125 0.573828125 0.03828125 0.0421875
13 0.596875 0.4859375 0.02421875 0.033203125
13 0.452734375 0.4265625 0.025390625 0.023046875
13 0.504296875 0.64765625 0.015234375 0.033203125