13 0.475390625 0.629296875 0.02109375 0.020703125
13 0.522265625 0.552734375 0.012890625 0.03046875
13 0.43984375 0.532421875 0.01328125 0.03515625
13 0.405859375 0.50859375 0.018359375 0.028125
13 0.436328125 0.464453125 0.012890625 0.02890625
13 0.466796875 0.485546875 0.018359375 0.031640625
13 0.52265625 0.4859375 0.023828125 0.025
13 0.414453125 0.411328125 0.0140625 0.023828125
13 0.469140625 0.405078125 0.023828125 0.019140625
13 0.576171875 0.415625 0.012109375 0.03046875
13 0.526171875 0.367578125 0.01796875 0.017578125
13 0.48671875 0.33046875 0.01875 0.02109375