13 0.530078125 0.71015625 0.045703125 0.05
13 0.4234375 0.62890625 0.037890625 0.04609375
13 0.531640625 0.549609375 0.03984375 0.034375
13 0.64140625 0.540625 0.01953125 0.05
13 0.6078125 0.39375 0.03125 0.03515625
13 0.579296875 0.460546875 0.026953125 0.03984375
13 0.54375 0.3546875 0.023046875 0.041015625
13 0.517578125 0.419140625 0.0234375 0.043359375
13 0.41875 0.345703125 0.018359375 0.04921875
13 0.420703125 0.434375 0.039453125 0.0375
13 0.3171875 0.53671875 0.026171875 0.0484375
13 0.4765625 0.259765625 0.02421875 0.02578125