13 0.421484375 0.655859375 0.016796875 0.026953125
13 0.48203125 0.65546875 0.01484375 0.028125
13 0.531640625 0.65390625 0.01640625 0.01875
13 0.439453125 0.55859375 0.013671875 0.023828125
13 0.507421875 0.578125 0.0125 0.025
13 0.54921875 0.528125 0.010546875 0.025
13 0.512890625 0.507421875 0.015625 0.023828125
13 0.480859375 0.51171875 0.009765625 0.021875
13 0.419140625 0.5078125 0.01484375 0.02109375
13 0.4265625 0.428515625 0.0140625 0.0203125
13 0.4796875 0.4609375 0.01484375 0.022265625
13 0.51484375 0.4546875 0.015234375 0.01640625