13 0.474609375 0.562109375 0.019921875 0.01953125
13 0.51953125 0.507421875 0.011328125 0.023046875
13 0.44296875 0.498046875 0.01015625 0.019140625
13 0.520703125 0.460546875 0.019140625 0.018359375
13 0.468359375 0.459765625 0.013671875 0.02109375
13 0.439453125 0.44609375 0.009765625 0.019140625
13 0.409765625 0.4796875 0.0171875 0.017578125
13 0.42109375 0.41328125 0.0140625 0.016796875
13 0.487109375 0.351953125 0.0140625 0.01640625
13 0.47265625 0.40546875 0.0203125 0.015625
13 0.52265625 0.375 0.013671875 0.01484375
13 0.56953125 0.406640625 0.0109375 0.01953125