13 0.60234375 0.541015625 0.0171875 0.03046875
13 0.484765625 0.55390625 0.01875 0.0328125
13 0.4140625 0.539453125 0.018359375 0.031640625
13 0.5265625 0.510546875 0.019921875 0.028515625
13 0.5953125 0.4328125 0.02109375 0.0296875
13 0.588671875 0.35078125 0.013671875 0.029296875
13 0.53828125 0.384375 0.01796875 0.027734375
13 0.487890625 0.43203125 0.019921875 0.014453125
13 0.444921875 0.43203125 0.01875 0.029296875
13 0.48359375 0.372265625 0.015234375 0.029296875
13 0.440234375 0.3640625 0.01015625 0.0265625
13 0.498046875 0.311328125 0.016015625 0.01953125