13 0.43828125 0.620703125 0.0234375 0.03125
13 0.487109375 0.56953125 0.021875 0.02109375
13 0.575390625 0.551953125 0.019140625 0.03515625
13 0.5484375 0.458203125 0.02265625 0.0234375
13 0.504296875 0.424609375 0.01328125 0.0265625
13 0.492578125 0.328515625 0.01953125 0.01953125
13 0.429296875 0.36796875 0.014453125 0.023046875
13 0.376171875 0.401171875 0.01875 0.02421875
13 0.416796875 0.459765625 0.014453125 0.030078125
13 0.46875 0.50625 0.01796875 0.0328125
13 0.426953125 0.547265625 0.02265625 0.02421875
13 0.371875 0.555859375 0.01875 0.030078125