13 0.6265625 0.337890625 0.02734375 0.037109375
13 0.61015625 0.490234375 0.023828125 0.047265625
13 0.640625 0.607421875 0.02421875 0.048046875
13 0.5609375 0.60703125 0.02421875 0.052734375
13 0.54609375 0.74453125 0.03671875 0.046484375
13 0.54140625 0.50703125 0.03359375 0.032421875
13 0.530859375 0.341015625 0.02578125 0.041796875
13 0.475390625 0.403515625 0.0328125 0.0390625
13 0.36796875 0.5390625 0.030078125 0.042578125
13 0.46328125 0.60078125 0.033203125 0.05
13 0.36875 0.690625 0.023828125 0.059375