13 0.38046875 0.541015625 0.019921875 0.03203125
13 0.45625 0.536328125 0.016796875 0.033984375
13 0.518359375 0.5296875 0.021484375 0.021484375
13 0.48828125 0.4375 0.017578125 0.03125
13 0.40390625 0.418359375 0.0171875 0.032421875
13 0.376953125 0.3515625 0.019921875 0.035546875
13 0.4546875 0.35546875 0.011328125 0.030859375
13 0.49375 0.35078125 0.01875 0.027734375
13 0.5390625 0.372265625 0.011328125 0.02890625
13 0.496484375 0.28359375 0.019140625 0.017578125
13 0.453125 0.28828125 0.018359375 0.03125
13 0.385546875 0.2453125 0.016796875 0.027734375