14 0.014912281250000001 0.028508771874999998 0.2517543859375 0.028508771874999998 0.2517543859375 0.19517543906249998 0.014912281250000001 0.19517543906249998
14 0.0201754390625 0.19956140312499998 0.28157894687499996 0.19956140312499998 0.28157894687499996 0.313596490625 0.0201754390625 0.313596490625
14 0.021052631250000002 0.3322368421875 0.2807017546875 0.3322368421875 0.2807017546875 0.4484649125 0.021052631250000002 0.4484649125
14 0.018421053125 0.45942982499999996 0.25526315781250003 0.45942982499999996 0.25526315781250003 0.5932017546874999 0.018421053125 0.5932017546874999
14 0.0157894734375 0.6096491234375 0.2526315796875 0.6096491234375 0.2526315796875 0.7368421046875 0.0157894734375 0.7368421046875
14 0.021052631250000002 0.7478070171875 0.2842105265625 0.7478070171875 0.2842105265625 0.8881578953125 0.021052631250000002 0.8881578953125
14 0.30350877187499997 0.066885965625 0.6192982453125 0.066885965625 0.6192982453125 0.1787280703125 0.30350877187499997 0.1787280703125
14 0.3298245609375 0.186403509375 0.5666666671875 0.186403509375 0.5666666671875 0.3267543859375 0.3298245609375 0.3267543859375
14 0.2912280703125 0.31798245625 0.6070175437499999 0.31798245625 0.6070175437499999 0.4451754390625 0.2912280703125 0.4451754390625
14 0.295614034375 0.47039473750000005 0.618421053125 0.47039473750000005 0.618421053125 0.584429825 0.295614034375 0.584429825
14 0.2833333328125 0.6173245609375 0.6307017546875 0.6173245609375 0.6307017546875 0.7532894734375 0.2833333328125 0.7532894734375
14 0.2973684203125 0.7598684203125 0.532456140625 0.7598684203125 0.532456140625 0.8848684203125 0.2973684203125 0.8848684203125
14 0.6982456140625 0.063596490625 0.961403509375 0.063596490625 0.961403509375 0.1907894734375 0.6982456140625 0.1907894734375
14 0.7333333328125 0.2006578953125 0.9807017546875001 0.2006578953125 0.9807017546875001 0.2993421046875 0.7333333328125 0.2993421046875
14 0.6122807015625 0.289473684375 0.7736842109375 0.289473684375 0.7736842109375 0.47587719375 0.6122807015625 0.47587719375
14 0.7815789468750001 0.3432017546875 0.98508771875 0.3432017546875 0.98508771875 0.4287280703125 0.7815789468750001 0.4287280703125
14 0.7070175437499999 0.45175438593750006 0.982456140625 0.45175438593750006 0.982456140625 0.5745614031249999 0.7070175437499999 0.5745614031249999
14 0.681578946875 0.5756578953125 0.9763157890624999 0.5756578953125 0.9763157890624999 0.7532894734375 0.681578946875 0.7532894734375
14 0.539473684375 0.76644736875 0.7763157890625 0.76644736875 0.7763157890625 0.8958333328125001 0.539473684375 0.8958333328125001