14 0.75 0.028878835937500003 0.985053453125 0.028878835937500003 0.985053453125 0.1953125 0.75 0.1953125
14 0.71875 0.19944489999999998 0.9796875 0.19944489999999998 0.9796875 0.3125 0.71875 0.3125
14 0.7203125 0.332319078125 0.9794407906249999 0.332319078125 0.9794407906249999 0.446875 0.7203125 0.446875
14 0.7453125 0.4590871703125 0.98125 0.4590871703125 0.98125 0.590625 0.7453125 0.590625
14 0.7484375 0.60949835625 0.984375 0.60949835625 0.984375 0.7359375 0.7484375 0.7359375
14 0.7171875 0.7484375 0.9789268109375 0.7484375 0.9789268109375 0.8875 0.7171875 0.8875
14 0.3828125 0.0671875 0.69638158125 0.0671875 0.69638158125 0.178125 0.3828125 0.178125
14 0.4359375 0.1863486875 0.6703947375 0.1863486875 0.6703947375 0.325 0.4359375 0.325
14 0.3953125 0.31770148125 0.7082236828124999 0.31770148125 0.7082236828124999 0.44375 0.3953125 0.44375
14 0.3828125 0.47053865312500004 0.7042557578124999 0.47053865312500004 0.7042557578124999 0.584375 0.3828125 0.584375
14 0.3703125 0.6176192421875 0.7164268109374999 0.6176192421875 0.7164268109374999 0.753125 0.3703125 0.753125
14 0.4673382703125 0.7600740109374999 0.702425990625 0.7600740109374999 0.702425990625 0.8828125 0.4673382703125 0.8828125
14 0.0390625 0.06313733593750001 0.3015625 0.06313733593750001 0.3015625 0.1875 0.0390625 0.1875
14 0.0203125 0.2006578953125 0.2664268109375 0.2006578953125 0.2664268109375 0.2993421046875 0.0203125 0.2993421046875
14 0.2265625 0.2894736859375 0.3875 0.2894736859375 0.3875 0.475 0.2265625 0.475
14 0.0171875 0.34375 0.21825658125 0.34375 0.21825658125 0.428125 0.0171875 0.428125
14 0.01875 0.45166529375 0.2931469296875 0.45166529375 0.2931469296875 0.5734375 0.01875 0.5734375
14 0.0235608578125 0.5758223703125 0.3182976984375 0.5758223703125 0.3182976984375 0.7515625 0.0235608578125 0.7515625
14 0.2234375015625 0.76669408125 0.46027960781250005 0.76669408125 0.46027960781250005 0.89375 0.2234375015625 0.89375