14 0.75 0.8046875 0.985053453125 0.8046875 0.985053453125 0.9711211640625 0.75 0.9711211640625
14 0.71875 0.6875 0.9796875 0.6875 0.9796875 0.8005551000000001 0.71875 0.8005551000000001
14 0.7203125 0.553125 0.9794407906249999 0.553125 0.9794407906249999 0.6676809218749999 0.7203125 0.6676809218749999
14 0.7453125 0.409375 0.98125 0.409375 0.98125 0.5409128296875 0.7453125 0.5409128296875
14 0.7484375 0.2640625 0.984375 0.2640625 0.984375 0.39050164375 0.7484375 0.39050164375
14 0.7171875 0.1125 0.9789268109375 0.1125 0.9789268109375 0.2515625 0.7171875 0.2515625
14 0.3828125 0.821875 0.69638158125 0.821875 0.69638158125 0.9328125 0.3828125 0.9328125
14 0.4359375 0.675 0.6703947375 0.675 0.6703947375 0.8136513125 0.4359375 0.8136513125
14 0.3953125 0.55625 0.7082236828124999 0.55625 0.7082236828124999 0.6822985187499999 0.3953125 0.6822985187499999
14 0.3828125 0.415625 0.7042557578124999 0.415625 0.7042557578124999 0.529461346875 0.3828125 0.529461346875
14 0.3703125 0.246875 0.7164268109374999 0.246875 0.7164268109374999 0.38238075781249997 0.3703125 0.38238075781249997
14 0.4673382703125 0.1171875 0.702425990625 0.1171875 0.702425990625 0.23992598906249998 0.4673382703125 0.23992598906249998
14 0.0390625 0.8125 0.3015625 0.8125 0.3015625 0.9368626640625 0.0390625 0.9368626640625
14 0.0203125 0.7006578953125 0.2664268109375 0.7006578953125 0.2664268109375 0.7993421046875 0.0203125 0.7993421046875
14 0.2265625 0.525 0.3875 0.525 0.3875 0.7105263140625 0.2265625 0.7105263140625
14 0.0171875 0.571875 0.21825658125 0.571875 0.21825658125 0.65625 0.0171875 0.65625
14 0.01875 0.4265625 0.2931469296875 0.4265625 0.2931469296875 0.54833470625 0.01875 0.54833470625
14 0.0235608578125 0.2484375 0.3182976984375 0.2484375 0.3182976984375 0.4241776296875 0.0235608578125 0.4241776296875
14 0.2234375015625 0.10625 0.46027960781250005 0.10625 0.46027960781250005 0.23330591875 0.2234375015625 0.23330591875