14 0.3911111109375 0.2796875 0.8088888890625 0.2796875 0.8088888890625 0.6242708328125001 0.3911111109375 0.6242708328125001
14 0.32716145937499996 0.015625 0.490625 0.015625 0.490625 0.1308854171875 0.32716145937499996 0.1308854171875
14 0.47057291562500003 0.1390625 0.6078125 0.1390625 0.6078125 0.2488802078125 0.47057291562500003 0.2488802078125
14 0.5359375 0.009375 0.6859375 0.009375 0.6859375 0.12710937656250001 0.5359375 0.12710937656250001
14 0.653593746875 0.1046875 0.8 0.1046875 0.8 0.227291665625 0.653593746875 0.227291665625
14 0.83348958125 0.309375 0.9934895812500001 0.309375 0.9934895812500001 0.4229687484375 0.83348958125 0.4229687484375
14 0.695442709375 0.21875 0.8234375 0.21875 0.8234375 0.322604165625 0.695442709375 0.322604165625
14 0.8531510390625 0.137777778125 0.98125 0.137777778125 0.98125 0.262222221875 0.8531510390625 0.262222221875
14 0.8395572906250001 0.4671875 0.98125 0.4671875 0.98125 0.5769531265625 0.8395572906250001 0.5769531265625
14 0.8177777781250001 0.590625 0.982222221875 0.590625 0.982222221875 0.7089322921875 0.8177777781250001 0.7089322921875
14 0.2028385421875 0.5609375 0.8265625 0.5609375 0.8265625 0.906875 0.2028385421875 0.906875
14 0.0042447890625 0.7203125 0.165625 0.7203125 0.165625 0.8427083328125 0.0042447890625 0.8427083328125
14 0.035312500000000004 0.5796875 0.2125 0.5796875 0.2125 0.7020052078125001 0.035312500000000004 0.7020052078125001
14 0.01294270625 0.4125 0.1765625 0.4125 0.1765625 0.5755989578125 0.01294270625 0.5755989578125
14 0.0115624984375 0.2578125 0.1796875 0.2578125 0.1796875 0.373177084375 0.0115624984375 0.373177084375
14 0.013385417187500002 0.134375 0.19375 0.134375 0.19375 0.23802083437500002 0.013385417187500002 0.23802083437500002
14 0.0804427078125 0.01875 0.284375 0.01875 0.284375 0.1027083328125 0.0804427078125 0.1027083328125
14 0.2067447921875 0.13125 0.346875 0.13125 0.346875 0.24630208437499998 0.2067447921875 0.24630208437499998
14 0.339739584375 0.1921875 0.4765625 0.1921875 0.4765625 0.2915885421875 0.339739584375 0.2915885421875
14 0.2036979140625 0.2953125 0.3796875 0.2953125 0.3796875 0.42397569375 0.2036979140625 0.42397569375
14 0.21312499843750002 0.446875 0.371875 0.446875 0.371875 0.54278645625 0.21312499843750002 0.54278645625
14 0.8383593765624999 0.85 0.9796875 0.85 0.9796875 0.977682290625 0.8383593765624999 0.977682290625