14 0.0459517046875 0.7 0.1359375 0.7 0.1359375 0.9102971296875 0.0459517046875 0.9102971296875
14 0.166889203125 0.703125 0.2484375 0.703125 0.2484375 0.9044441593749999 0.166889203125 0.9044441593749999
14 0.28201704375 0.71875 0.3609375 0.71875 0.3609375 0.901901896875 0.28201704375 0.901901896875
14 0.4022017015625 0.721875 0.4671875 0.721875 0.4671875 0.879476175 0.4022017015625 0.879476175
14 0.52733664375 0.7078125 0.6203125 0.7078125 0.6203125 0.9128265890625 0.52733664375 0.9128265890625
14 0.64321733125 0.696875 0.7390625 0.696875 0.7390625 0.9038614234375 0.64321733125 0.9038614234375
14 0.7625 0.7140625 0.8375 0.7140625 0.8375 0.9044377562499999 0.7625 0.9044377562499999
14 0.8870951687499999 0.70625 0.9421875 0.70625 0.9421875 0.89625384375 0.8870951687499999 0.89625384375
14 0.0459517046875 0.2953125 0.1359375 0.2953125 0.1359375 0.47828509218750004 0.0459517046875 0.47828509218750004
14 0.5331747171875 0.29375 0.615625 0.29375 0.615625 0.483548925 0.5331747171875 0.483548925
14 0.404147728125 0.3015625 0.465625 0.3015625 0.465625 0.469896259375 0.404147728125 0.469896259375
14 0.28940340937500003 0.3125 0.3578125 0.3125 0.3578125 0.480808146875 0.28940340937500003 0.480808146875
14 0.171171875 0.3015625 0.2453125 0.3015625 0.2453125 0.48081455 0.171171875 0.48081455
14 0.0515625 0.5109375 0.1375 0.5109375 0.1375 0.6836577875 0.0515625 0.6836577875
14 0.1727272734375 0.503125 0.24375 0.503125 0.24375 0.6828125 0.1727272734375 0.6828125
14 0.282421875 0.4953125 0.3546875 0.4953125 0.3546875 0.690625 0.282421875 0.690625
14 0.3998721578125 0.5109375 0.4625 0.5109375 0.4625 0.685604509375 0.3998721578125 0.685604509375
14 0.5331747171875 0.503125 0.615625 0.503125 0.615625 0.69375 0.5331747171875 0.69375
14 0.6475213046875 0.503125 0.725 0.503125 0.725 0.69375 0.6475213046875 0.69375
14 0.7640625 0.5 0.8359375 0.5 0.8359375 0.6965291984374999 0.7640625 0.6965291984374999
14 0.8766051140625001 0.5234375 0.9484375 0.5234375 0.9484375 0.6803342734375 0.8766051140625001 0.6803342734375
14 0.64735795 0.2953125 0.7309943156250001 0.2953125 0.7309943156250001 0.48023181406250004 0.64735795 0.48023181406250004
14 0.7653480109374999 0.3015625 0.8421875 0.3015625 0.8421875 0.469896259375 0.7653480109374999 0.469896259375
14 0.874268465625 0.3171875 0.95 0.3171875 0.95 0.4673539921875 0.874268465625 0.4673539921875
14 0.88009233125 0.1015625 0.9515625 0.1015625 0.9515625 0.2703125 0.88009233125 0.2703125
14 0.7630184671875 0.0953125 0.840625 0.0953125 0.840625 0.27348872968750004 0.7630184671875 0.27348872968750004
14 0.6506178968749999 0.1 0.7296875 0.1 0.7296875 0.2785540484375 0.6506178968749999 0.2785540484375
14 0.5365340890625 0.1015625 0.6201704546875 0.1015625 0.6201704546875 0.2703125 0.5365340890625 0.2703125
14 0.3975426140625 0.0984375 0.4609375 0.0984375 0.4609375 0.272899590625 0.3975426140625 0.272899590625
14 0.282421875 0.09375 0.3546875 0.09375 0.3546875 0.2791431875 0.282421875 0.2791431875
14 0.17232954843749998 0.0921875 0.2453125 0.0921875 0.2453125 0.27563396562500003 0.17232954843749998 0.27563396562500003
14 0.051001420312500004 0.0953125 0.1328125 0.0953125 0.1328125 0.275520834375 0.051001420312500004 0.275520834375