14 0.3911111109375 0.37555555625000003 0.8088888890625 0.37555555625000003 0.8088888890625 0.722222221875 0.3911111109375 0.722222221875
14 0.3266666671875 0.8688888890625 0.4911111109375 0.8688888890625 0.4911111109375 0.98444444375 0.3266666671875 0.98444444375
14 0.4711111109375 0.7511111109375 0.6088888890625 0.7511111109375 0.6088888890625 0.862222221875 0.4711111109375 0.862222221875
14 0.5355555562500001 0.8733333328124999 0.6866666671874999 0.8733333328124999 0.6866666671874999 0.9933333328125 0.5355555562500001 0.9933333328125
14 0.6533333328125 0.7733333328125 0.8 0.7733333328125 0.8 0.8977777781249999 0.6533333328125 0.8977777781249999
14 0.8333333328125001 0.577777778125 0.9933333328125 0.577777778125 0.9933333328125 0.6933333328125 0.8333333328125001 0.6933333328125
14 0.69555555625 0.6777777781250001 0.82444444375 0.6777777781250001 0.82444444375 0.78444444375 0.69555555625 0.78444444375
14 0.8533333328125 0.737777778125 0.982222221875 0.737777778125 0.982222221875 0.862222221875 0.8533333328125 0.862222221875
14 0.8400000000000001 0.42222222187499997 0.982222221875 0.42222222187499997 0.982222221875 0.5333333328125 0.8400000000000001 0.5333333328125
14 0.8177777781250001 0.29111111093750003 0.982222221875 0.29111111093750003 0.982222221875 0.41111111093749997 0.8177777781250001 0.41111111093749997
14 0.202222221875 0.0933333328125 0.8288888890624999 0.0933333328125 0.8288888890624999 0.44000000000000006 0.202222221875 0.44000000000000006
14 0.004444443750000001 0.157777778125 0.1688888890625 0.157777778125 0.1688888890625 0.282222221875 0.004444443750000001 0.282222221875
14 0.035555556249999995 0.297777778125 0.2133333328125 0.297777778125 0.2133333328125 0.42222222187499997 0.035555556249999995 0.42222222187499997
14 0.013333332812500001 0.42444444375 0.177777778125 0.42444444375 0.177777778125 0.5888888890625 0.013333332812500001 0.5888888890625
14 0.0111111109375 0.6266666671875 0.18 0.6266666671875 0.18 0.742222221875 0.0111111109375 0.742222221875
14 0.013333332812500001 0.762222221875 0.19555555625 0.762222221875 0.19555555625 0.8688888890625 0.013333332812500001 0.8688888890625
14 0.08 0.8977777781249999 0.28444444375 0.8977777781249999 0.28444444375 0.982222221875 0.08 0.982222221875
14 0.2066666671875 0.7533333328125 0.34888888906250004 0.7533333328125 0.34888888906250004 0.8688888890625 0.2066666671875 0.8688888890625
14 0.33999999999999997 0.7088888890625 0.477777778125 0.7088888890625 0.477777778125 0.8111111109375001 0.33999999999999997 0.8111111109375001
14 0.20444444375 0.57555555625 0.382222221875 0.57555555625 0.382222221875 0.70444444375 0.20444444375 0.70444444375
14 0.2133333328125 0.457777778125 0.37333333281250003 0.457777778125 0.37333333281250003 0.5555555562500001 0.2133333328125 0.5555555562500001
14 0.837777778125 0.022222221875 0.9800000000000001 0.022222221875 0.9800000000000001 0.15111111093750001 0.837777778125 0.15111111093750001