14 0.6602083328125 0.74375 0.9703125 0.74375 0.9703125 0.933229165625 0.6602083328125 0.933229165625
14 0.32950521093749996 0.7640625 0.615625 0.7640625 0.615625 0.939791665625 0.32950521093749996 0.939791665625
14 0.01953125 0.73125 0.2703125 0.73125 0.2703125 0.9349739609375 0.01953125 0.9349739609375
14 0.0490625015625 0.56875 0.265625 0.56875 0.265625 0.6864062515625 0.0490625015625 0.6864062515625
14 0.060286457812500006 0.3234375 0.2625 0.3234375 0.2625 0.4602604171875 0.060286457812500006 0.4602604171875
14 0.0089322921875 0.0359375 0.2875 0.0359375 0.2875 0.1953125 0.0089322921875 0.1953125
14 0.397239584375 0.0671875 0.596875 0.0671875 0.596875 0.230546875 0.397239584375 0.230546875
14 0.7650520828125 0.065625 0.9109375 0.065625 0.9109375 0.24669270937499999 0.7650520828125 0.24669270937499999
14 0.389166665625 0.340625 0.6015625 0.340625 0.6015625 0.48059895937499997 0.389166665625 0.48059895937499997
14 0.709375 0.271875 0.94375 0.271875 0.94375 0.4303645828125 0.709375 0.4303645828125
14 0.6728125 0.496875 0.9640625 0.496875 0.9640625 0.6869791671875001 0.6728125 0.6869791671875001
14 0.41541666875 0.5375 0.6125 0.5375 0.6125 0.6819791671875 0.41541666875 0.6819791671875