14 0.0454545453125 0.090163934375 0.1363636359375 0.090163934375 0.1363636359375 0.3032786890625 0.0454545453125 0.3032786890625
14 0.1672727265625 0.09562841562499999 0.250909090625 0.09562841562499999 0.250909090625 0.2978142078125 0.1672727265625 0.2978142078125
14 0.28181818125 0.09836065625 0.36181818125 0.09836065625 0.36181818125 0.2841530046875 0.28181818125 0.2841530046875
14 0.40181818125 0.12021857968750001 0.4672727265625 0.12021857968750001 0.4672727265625 0.278688525 0.40181818125 0.278688525
14 0.5272727265625 0.08743169375 0.62181818125 0.08743169375 0.62181818125 0.2950819671875 0.5272727265625 0.2950819671875
14 0.6436363640625 0.09562841562499999 0.74181818125 0.09562841562499999 0.74181818125 0.3032786890625 0.6436363640625 0.3032786890625
14 0.76181818125 0.09562841562499999 0.8381818187500001 0.09562841562499999 0.8381818187500001 0.28688524531250004 0.76181818125 0.28688524531250004
14 0.8872727265625 0.10382513593750001 0.9454545453125001 0.10382513593750001 0.9454545453125001 0.2950819671875 0.8872727265625 0.2950819671875
14 0.0454545453125 0.5218579234375 0.1363636359375 0.5218579234375 0.1363636359375 0.7076502734375001 0.0454545453125 0.7076502734375001
14 0.5327272734374999 0.5163934421875 0.6163636359375 0.5163934421875 0.6163636359375 0.7076502734375001 0.5327272734374999 0.7076502734375001
14 0.4036363640625 0.5300546453125 0.4654545453125 0.5300546453125 0.4654545453125 0.6994535515625 0.4036363640625 0.6994535515625
14 0.289090909375 0.5191256828124999 0.35818181875 0.5191256828124999 0.35818181875 0.6885245906249999 0.289090909375 0.6885245906249999
14 0.17090909062499998 0.5191256828124999 0.24727272656250002 0.5191256828124999 0.24727272656250002 0.6994535515625 0.17090909062499998 0.6994535515625
14 0.050909090625 0.316939890625 0.13818181875 0.316939890625 0.13818181875 0.491803278125 0.050909090625 0.491803278125
14 0.1727272734375 0.316939890625 0.24545454531250002 0.316939890625 0.24545454531250002 0.497267759375 0.1727272734375 0.497267759375
14 0.28181818125 0.30874316875 0.3545454546875 0.30874316875 0.3545454546875 0.50546448125 0.28181818125 0.50546448125
14 0.4 0.31420765 0.4654545453125 0.31420765 0.4654545453125 0.4890710375 0.4 0.4890710375
14 0.5327272734374999 0.3060109296875 0.6163636359375 0.3060109296875 0.6163636359375 0.497267759375 0.5327272734374999 0.497267759375
14 0.6472727265625 0.3060109296875 0.7272727265625 0.3060109296875 0.7272727265625 0.497267759375 0.6472727265625 0.497267759375
14 0.7636363640625 0.3032786890625 0.8363636359375001 0.3032786890625 0.8363636359375001 0.5 0.7636363640625 0.5
14 0.8763636359375001 0.31967213125 0.949090909375 0.31967213125 0.949090909375 0.47814207656249996 0.8763636359375001 0.47814207656249996
14 0.6472727265625 0.5191256828124999 0.730909090625 0.5191256828124999 0.730909090625 0.7049180328125 0.6472727265625 0.7049180328125
14 0.7654545453125 0.5300546453125 0.8454545453125 0.5300546453125 0.8454545453125 0.6994535515625 0.7654545453125 0.6994535515625
14 0.8745454546874999 0.5327868859375 0.950909090625 0.5327868859375 0.950909090625 0.68579235 0.8745454546874999 0.68579235
14 0.8800000000000001 0.729508196875 0.9527272734375 0.729508196875 0.9527272734375 0.8989071031250001 0.8800000000000001 0.8989071031250001
14 0.7636363640625 0.72677595625 0.8436363640625 0.72677595625 0.8436363640625 0.9071038250000001 0.7636363640625 0.9071038250000001
14 0.650909090625 0.721311475 0.730909090625 0.721311475 0.730909090625 0.90163934375 0.650909090625 0.90163934375
14 0.5363636359374999 0.729508196875 0.62 0.729508196875 0.62 0.8989071031250001 0.5363636359374999 0.8989071031250001
14 0.39818181875 0.72677595625 0.46363636406250003 0.72677595625 0.46363636406250003 0.90163934375 0.39818181875 0.90163934375
14 0.28181818125 0.721311475 0.3545454546875 0.721311475 0.3545454546875 0.9071038250000001 0.28181818125 0.9071038250000001
14 0.1727272734375 0.7240437156249999 0.249090909375 0.7240437156249999 0.249090909375 0.909836065625 0.1727272734375 0.909836065625
14 0.050909090625 0.7240437156249999 0.1345454546875 0.7240437156249999 0.1345454546875 0.904371584375 0.050909090625 0.904371584375