14 0.0296875 0.066770834375 0.3397916671875 0.066770834375 0.3397916671875 0.25625 0.0296875 0.25625
14 0.384375 0.060208334375000006 0.6704947890625 0.060208334375000006 0.6704947890625 0.2359375 0.384375 0.2359375
14 0.7296875 0.0650260390625 0.98046875 0.0650260390625 0.98046875 0.26875 0.7296875 0.26875
14 0.734375 0.3135937484375 0.9509374984375001 0.3135937484375 0.9509374984375001 0.43125 0.734375 0.43125
14 0.7375 0.5397395828125 0.9397135421874999 0.5397395828125 0.9397135421874999 0.6765625 0.7375 0.6765625
14 0.7125 0.8046875 0.9910677078125 0.8046875 0.9910677078125 0.9640625 0.7125 0.9640625
14 0.403125 0.769453125 0.6027604156249999 0.769453125 0.6027604156249999 0.9328125 0.403125 0.9328125
14 0.0890625 0.753307290625 0.23494791718750002 0.753307290625 0.23494791718750002 0.934375 0.0890625 0.934375
14 0.3984375 0.519401040625 0.610833334375 0.519401040625 0.610833334375 0.659375 0.3984375 0.659375
14 0.05625 0.5696354171875 0.290625 0.5696354171875 0.290625 0.728125 0.05625 0.728125
14 0.0359375 0.31302083281250004 0.3271875 0.31302083281250004 0.3271875 0.503125 0.0359375 0.503125
14 0.3875 0.3180208328125 0.58458333125 0.3180208328125 0.58458333125 0.4625 0.3875 0.4625