14 0.6599999999999999 0.0666666671875 0.9711111109375 0.0666666671875 0.9711111109375 0.257777778125 0.6599999999999999 0.257777778125
14 0.3288888890625 0.06 0.617777778125 0.06 0.617777778125 0.23777777812499998 0.3288888890625 0.23777777812499998
14 0.02 0.06444444375 0.2733333328125 0.06444444375 0.2733333328125 0.26888888906249997 0.02 0.26888888906249997
14 0.0488888890625 0.3133333328125 0.2666666671875 0.3133333328125 0.2666666671875 0.43333333281249997 0.0488888890625 0.43333333281249997
14 0.06 0.54 0.26444444375 0.54 0.26444444375 0.6777777781250001 0.06 0.6777777781250001
14 0.008888889062499999 0.8044444437499999 0.2888888890625 0.8044444437499999 0.2888888890625 0.96444444375 0.008888889062499999 0.96444444375
14 0.397777778125 0.7688888890625 0.597777778125 0.7688888890625 0.597777778125 0.9333333328125001 0.397777778125 0.9333333328125001
14 0.76444444375 0.7533333328125 0.9111111109375001 0.7533333328125 0.9111111109375001 0.93555555625 0.76444444375 0.93555555625
14 0.3888888890625 0.52 0.602222221875 0.52 0.602222221875 0.662222221875 0.3888888890625 0.662222221875
14 0.7088888890625 0.5688888890625 0.9444444437499999 0.5688888890625 0.9444444437499999 0.7288888890624999 0.7088888890625 0.7288888890624999
14 0.6733333328125 0.3133333328125 0.9666666671874999 0.3133333328125 0.9666666671874999 0.50444444375 0.6733333328125 0.50444444375
14 0.41555555625 0.317777778125 0.61555555625 0.317777778125 0.61555555625 0.46444444375 0.41555555625 0.46444444375