14 0.3911111109375 0.3757291671875 0.8088888890625 0.3757291671875 0.8088888890625 0.7203125 0.3911111109375 0.7203125
14 0.32716145937499996 0.8691145828125 0.490625 0.8691145828125 0.490625 0.984375 0.32716145937499996 0.984375
14 0.47057291562500003 0.7511197921874999 0.6078125 0.7511197921874999 0.6078125 0.8609375 0.47057291562500003 0.8609375
14 0.5359375 0.8728906234375 0.6859375 0.8728906234375 0.6859375 0.990625 0.5359375 0.990625
14 0.653593746875 0.7727083343750001 0.8 0.7727083343750001 0.8 0.8953125 0.653593746875 0.8953125
14 0.83348958125 0.5770312515625 0.9934895812500001 0.5770312515625 0.9934895812500001 0.690625 0.83348958125 0.690625
14 0.695442709375 0.6773958343750001 0.8234375 0.6773958343750001 0.8234375 0.78125 0.695442709375 0.78125
14 0.8531510390625 0.737777778125 0.98125 0.737777778125 0.98125 0.862222221875 0.8531510390625 0.862222221875
14 0.8395572906250001 0.4230468734375 0.98125 0.4230468734375 0.98125 0.5328125 0.8395572906250001 0.5328125
14 0.8177777781250001 0.2910677078125 0.982222221875 0.2910677078125 0.982222221875 0.409375 0.8177777781250001 0.409375
14 0.2028385421875 0.093125 0.8265625 0.093125 0.8265625 0.4390625 0.2028385421875 0.4390625
14 0.0042447890625 0.1572916671875 0.165625 0.1572916671875 0.165625 0.2796875 0.0042447890625 0.2796875
14 0.035312500000000004 0.2979947921875 0.2125 0.2979947921875 0.2125 0.4203125 0.035312500000000004 0.4203125
14 0.01294270625 0.4244010421875 0.1765625 0.4244010421875 0.1765625 0.5875 0.01294270625 0.5875
14 0.0115624984375 0.626822915625 0.1796875 0.626822915625 0.1796875 0.7421875 0.0115624984375 0.7421875
14 0.013385417187500002 0.761979165625 0.19375 0.761979165625 0.19375 0.865625 0.013385417187500002 0.865625
14 0.0804427078125 0.8972916671875 0.284375 0.8972916671875 0.284375 0.98125 0.0804427078125 0.98125
14 0.2067447921875 0.753697915625 0.346875 0.753697915625 0.346875 0.86875 0.2067447921875 0.86875
14 0.339739584375 0.7084114578125 0.4765625 0.7084114578125 0.4765625 0.8078125 0.339739584375 0.8078125
14 0.2036979140625 0.57602430625 0.3796875 0.57602430625 0.3796875 0.7046875 0.2036979140625 0.7046875
14 0.21312499843750002 0.45721354375 0.371875 0.45721354375 0.371875 0.553125 0.21312499843750002 0.553125
14 0.8383593765624999 0.022317709375 0.9796875 0.022317709375 0.9796875 0.15 0.8383593765624999 0.15