14 0.8640625 0.0897028703125 0.9540482953125 0.0897028703125 0.9540482953125 0.3 0.8640625 0.3
14 0.7515625 0.095555840625 0.833110796875 0.095555840625 0.833110796875 0.296875 0.7515625 0.296875
14 0.6390625 0.098098103125 0.71798295625 0.098098103125 0.71798295625 0.28125 0.6390625 0.28125
14 0.5328125 0.120523825 0.5977982984375 0.120523825 0.5977982984375 0.278125 0.5328125 0.278125
14 0.3796875 0.0871734109375 0.47266335625 0.0871734109375 0.47266335625 0.2921875 0.3796875 0.2921875
14 0.2609375 0.0961385765625 0.35678266875000003 0.0961385765625 0.35678266875000003 0.303125 0.2609375 0.303125
14 0.1625 0.09556224375 0.2375 0.09556224375 0.2375 0.2859375 0.1625 0.2859375
14 0.0578125 0.10374615625000001 0.11290483124999999 0.10374615625000001 0.11290483124999999 0.29375 0.0578125 0.29375
14 0.8640625 0.5217149078125 0.9540482953125 0.5217149078125 0.9540482953125 0.7046875 0.8640625 0.7046875
14 0.384375 0.516451075 0.4668252828125 0.516451075 0.4668252828125 0.70625 0.384375 0.70625
14 0.534375 0.530103740625 0.595852271875 0.530103740625 0.595852271875 0.6984375 0.534375 0.6984375
14 0.6421875 0.5191918531249999 0.710596590625 0.5191918531249999 0.710596590625 0.6875 0.6421875 0.6875
14 0.7546875 0.5191854499999999 0.828828125 0.5191854499999999 0.828828125 0.6984375 0.7546875 0.6984375
14 0.8625 0.3163422125 0.9484375 0.3163422125 0.9484375 0.4890625 0.8625 0.4890625
14 0.75625 0.3171875 0.8272727265625001 0.3171875 0.8272727265625001 0.496875 0.75625 0.496875
14 0.6453125 0.309375 0.717578125 0.309375 0.717578125 0.5046875 0.6453125 0.5046875
14 0.5375 0.314395490625 0.6001278421875 0.314395490625 0.6001278421875 0.4890625 0.5375 0.4890625
14 0.384375 0.30625 0.4668252828125 0.30625 0.4668252828125 0.496875 0.384375 0.496875
14 0.275 0.30625 0.3524786953125 0.30625 0.3524786953125 0.496875 0.275 0.496875
14 0.1640625 0.3034708015625 0.2359375 0.3034708015625 0.2359375 0.5 0.1640625 0.5
14 0.0515625 0.3196657265625 0.1233948859375 0.3196657265625 0.1233948859375 0.4765625 0.0515625 0.4765625
14 0.269005684375 0.5197681859375 0.35264205 0.5197681859375 0.35264205 0.7046875 0.269005684375 0.7046875
14 0.1578125 0.530103740625 0.2346519890625 0.530103740625 0.2346519890625 0.6984375 0.1578125 0.6984375
14 0.05 0.5326460078124999 0.125731534375 0.5326460078124999 0.125731534375 0.6828125 0.05 0.6828125
14 0.0484375 0.7296875 0.11990766875 0.7296875 0.11990766875 0.8984375 0.0484375 0.8984375
14 0.159375 0.7265112703125001 0.2369815328125 0.7265112703125001 0.2369815328125 0.9046875 0.159375 0.9046875
14 0.2703125 0.7214459515625 0.349382103125 0.7214459515625 0.349382103125 0.9 0.2703125 0.9
14 0.3798295453125 0.7296875 0.4634659109375 0.7296875 0.4634659109375 0.8984375 0.3798295453125 0.8984375
14 0.5390625 0.727100409375 0.6024573859375 0.727100409375 0.6024573859375 0.9015625 0.5390625 0.9015625
14 0.6453125 0.7208568125 0.717578125 0.7208568125 0.717578125 0.90625 0.6453125 0.90625
14 0.7546875 0.724366034375 0.8276704515625 0.724366034375 0.8276704515625 0.9078125 0.7546875 0.9078125
14 0.8671875 0.724479165625 0.9489985796875 0.724479165625 0.9489985796875 0.9046875 0.8671875 0.9046875