5 0.5165615 0.1134375 0.9046875 0.1115
5 0.709375 0.3390615 0.3953115 0.190615
5 0.14911875 0.40390615 0.1 0.1818115
4 0.34609375 0.453125 0.253125 0.4140625
0 0.34609375 0.453125 0.253125 0.4140625
4 0.428125 0.6984375 0.0921875 0.2109375
0 0.428125 0.6984375 0.0921875 0.2109375
4 0.225 0.7703125 0.1828125 0.178125
0 0.225 0.7703125 0.1828125 0.178125
4 0.728125 0.540625 0.428125 0.1828125
0 0.728125 0.540625 0.428125 0.1828125
4 0.96171875 0.42578125 0.0484375 0.178125
0 0.96171875 0.42578125 0.0484375 0.178125
4 0.665625 0.703125 0.0484375 0.1609375
0 0.665625 0.703125 0.0484375 0.1609375
4 0.86796875 0.71640625 0.0578125 0.150 0.86796875 0.71640625 0.0578125 0.15