4 0.09609375 0.64921875 0.0703125 0.146875
0 0.09609375 0.64921875 0.0703125 0.146875
4 0.1875 0.5875 0.09375 0.23125
0 0.1875 0.5875 0.09375 0.23125
4 0.2703125 0.55859375 0.0609375 0.4046875
0 0.2703125 0.55859375 0.0609375 0.4046875
4 0.40859375 0.4953125 0.1875 0.3734375
0 0.40859375 0.4953125 0.1875 0.3734375
4 0.63359375 0.5 0.1796875 0.3296875
0 0.63359375 0.5 0.1796875 0.3296875
4 0.80078125 0.54453125 0.1453125 0.3140625
0 0.80078125 0.54453125 0.1453125 0.3140625
4 0.91015625 0.61171875 0.09375 0.3296875
0 0.91015625 0.61171875 0.09375 0.3296875
5 0.475 0.115 0.718115 0.4411875