4 0.240625 0.71875 0.1421875 0.16875
0 0.240625 0.71875 0.1421875 0.16875
4 0.51171875 0.60546875 0.2359375 0.3828125
0 0.51171875 0.60546875 0.2359375 0.3828125
4 0.71640625 0.7171875 0.1109375 0.1859375
0 0.71640625 0.7171875 0.1109375 0.1859375
4 0.884375 0.87890625 0.0921875 0.0984375
0 0.884375 0.87890625 0.0921875 0.0984375
4 0.76953125 0.8015625 0.1390625 0.209375
0 0.76953125 0.8015625 0.1390625 0.209375
5 0.73103115 0.3134375 0.14375 0.6318115
5 0.30390615 0.10703115 0.6078115 0.375
5 0.31484375 0.49140615 0.1171875 0.18115