4 0.26953125 0.85234375 0.0875 0.065625
0 0.26953125 0.85234375 0.0875 0.065625
4 0.34375 0.7828125 0.0359375 0.1921875
0 0.34375 0.7828125 0.0359375 0.1921875
4 0.228125 0.5421875 0.05625 0.1703125
0 0.228125 0.5421875 0.05625 0.1703125
4 0.2859375 0.50390625 0.0484375 0.0828125
0 0.2859375 0.50390625 0.0484375 0.0828125
4 0.34609375 0.5140625 0.040625 0.271875
0 0.34609375 0.5140625 0.040625 0.271875
4 0.47734375 0.49296875 0.1859375 0.2984375
0 0.47734375 0.49296875 0.1859375 0.2984375
4 0.640625 0.359375 0.065625 0.259375
0 0.640625 0.359375 0.065625 0.259375
4 0.7796875 0.39296875 0.146875 0.4015625
0 0.7796875 0.39296875 0.146875 0.4015625
4 0.4328125 0.8296875 0.096875 0.150 0.4328125 0.8296875 0.096875 0.15