4 0.12890625 0.32421875 0.146875 0.0703125
0 0.12890625 0.32421875 0.146875 0.0703125
4 0.03515625 0.59375 0.0578125 0.15
0 0.03515625 0.59375 0.0578125 0.15
4 0.6765625 0.540625 0.1765625 0.159375
0 0.6765625 0.540625 0.1765625 0.159375
4 0.50703125 0.61640625 0.103125 0.0796875
0 0.50703125 0.61640625 0.103125 0.0796875
4 0.5609375 0.8390625 0.1328125 0.1390625
0 0.5609375 0.8390625 0.1328125 0.1390625
4 0.478125 0.49375 0.0671875 0.0625
0 0.478125 0.49375 0.0671875 0.0625
4 0.36875 0.5015625 0.0765625 0.0703125
0 0.36875 0.5015625 0.0765625 0.0703125
4 0.36328125 0.40390625 0.084375 0.071875
0 0.36328125 0.40390625 0.084375 0.071875
4 0.3796875 0.19375 0.0890625 0.06250 0.3796875 0.19375 0.0890625 0.0625