4 0.3390625 0.8078125 0.1453125 0.096875
0 0.3390625 0.8078125 0.1453125 0.096875
4 0.0265625 0.63828125 0.053125 0.1609375
0 0.0265625 0.63828125 0.053125 0.1609375
4 0.0875 0.5046875 0.0484375 0.0671875
0 0.0875 0.5046875 0.0484375 0.0671875
4 0.171875 0.59765625 0.1421875 0.09375
0 0.171875 0.59765625 0.1421875 0.09375
4 0.1 0.27265625 0.1734375 0.2890625
0 0.1 0.27265625 0.1734375 0.2890625
4 0.3609375 0.32578125 0.1015625 0.2140625
0 0.3609375 0.32578125 0.1015625 0.2140625
4 0.74296875 0.3296875 0.4546875 0.3640625
0 0.74296875 0.3296875 0.4546875 0.3640625
4 0.83671875 0.6609375 0.23125 0.2281250 0.83671875 0.6609375 0.23125 0.228125