4 0.1859375 0.5984375 0.0765625 0.115625
0 0.1859375 0.5984375 0.0765625 0.115625
4 0.1703125 0.27265625 0.0578125 0.0765625
0 0.1703125 0.27265625 0.0578125 0.0765625
4 0.3078125 0.30625 0.053125 0.0609375
0 0.3078125 0.30625 0.053125 0.0609375
4 0.34375 0.35546875 0.0484375 0.0671875
0 0.34375 0.35546875 0.0484375 0.0671875
4 0.35703125 0.48046875 0.0265625 0.0515625
0 0.35703125 0.48046875 0.0265625 0.0515625
4 0.5890625 0.5796875 0.040625 0.09375
0 0.5890625 0.5796875 0.040625 0.09375
4 0.63671875 0.58203125 0.0296875 0.0578125
0 0.63671875 0.58203125 0.0296875 0.0578125
4 0.7796875 0.72734375 0.021875 0.03125
0 0.7796875 0.72734375 0.021875 0.03125
4 0.6765625 0.3234375 0.0359375 0.0828125
0 0.6765625 0.3234375 0.0359375 0.0828125
4 0.53359375 0.3609375 0.028125 0.0515625
0 0.53359375 0.3609375 0.028125 0.0515625
4 0.54296875 0.28515625 0.0296875 0.040625
0 0.54296875 0.28515625 0.0296875 0.040625
5 0.09609375 0.15134375 0.1911875 0.5
5 0.14765615 0.134375 0.10615 0.1453115
5 0.4103115 0.15 0.115615 0.4984375
5 0.603115 0.4390615 0.075 0.159375
5 0.5818115 0.1359375 0.0818115 0.15615
5 0.63115 0.103115 0.1734375 0.1703115