4 0.15390625 0.66328125 0.075 0.0890625
0 0.15390625 0.66328125 0.075 0.0890625
4 0.2390625 0.67578125 0.053125 0.04375
0 0.2390625 0.67578125 0.053125 0.04375
4 0.3921875 0.6765625 0.0765625 0.0578125
0 0.3921875 0.6765625 0.0765625 0.0578125
4 0.4859375 0.70546875 0.0625 0.0703125
0 0.4859375 0.70546875 0.0625 0.0703125
4 0.55390625 0.7203125 0.040625 0.059375
0 0.55390625 0.7203125 0.040625 0.059375
4 0.609375 0.71484375 0.034375 0.0484375
0 0.609375 0.71484375 0.034375 0.0484375
4 0.56015625 0.66015625 0.0515625 0.034375
0 0.56015625 0.66015625 0.0515625 0.034375
4 0.69375 0.71015625 0.0984375 0.09375
0 0.69375 0.71015625 0.0984375 0.09375
4 0.7515625 0.56640625 0.053125 0.0609375
0 0.7515625 0.56640625 0.053125 0.0609375
5 0.18984375 0.48818115 0.146875 0.11875
5 0.640615 0.50134375 0.1196875 0.13115