4 0.20078125 0.2765625 0.134375 0.409375
0 0.20078125 0.2765625 0.134375 0.409375
4 0.5203125 0.34765625 0.415625 0.4375
0 0.5203125 0.34765625 0.415625 0.4375
4 0.38671875 0.6875 0.0265625 0.0609375
0 0.38671875 0.6875 0.0265625 0.0609375
4 0.51796875 0.6765625 0.1421875 0.0578125
0 0.51796875 0.6765625 0.1421875 0.0578125
4 0.7765625 0.4546875 0.040625 0.125
0 0.7765625 0.4546875 0.040625 0.125
5 0.190615 0.11318115 0.1109375 0.1171875
5 0.55078115 0.18046875 0.1796875 0.3109375
4 0.1859375 0.68046875 0.0609375 0.059375
0 0.1859375 0.68046875 0.0609375 0.059375
5 0.1196875 0.46640615 0.118115 0.1109375