4 0.14765625 0.2875 0.0875 0.16875
0 0.14765625 0.2875 0.0875 0.16875
4 0.20078125 0.55078125 0.0609375 0.075
0 0.20078125 0.55078125 0.0609375 0.075
4 0.54921875 0.61640625 0.0453125 0.084375
0 0.54921875 0.61640625 0.0453125 0.084375
4 0.64296875 0.36875 0.3125 0.375
0 0.64296875 0.36875 0.3125 0.375
4 0.69453125 0.59140625 0.04375 0.075
0 0.69453125 0.59140625 0.04375 0.075
4 0.83203125 0.66953125 0.05625 0.240625
0 0.83203125 0.66953125 0.05625 0.240625
4 0.89921875 0.6296875 0.0703125 0.0906250 0.89921875 0.6296875 0.0703125 0.090625