4 0.021875 0.7453125 0.0390625 0.0828125
0 0.021875 0.7453125 0.0390625 0.0828125
4 0.11796875 0.7390625 0.065625 0.1015625
0 0.11796875 0.7390625 0.065625 0.1015625
4 0.2671875 0.72109375 0.2171875 0.178125
0 0.2671875 0.72109375 0.2171875 0.178125
4 0.44375 0.896875 0.2453125 0.1296875
0 0.44375 0.896875 0.2453125 0.1296875
4 0.68359375 0.74765625 0.6203125 0.4328125
0 0.68359375 0.74765625 0.6203125 0.4328125
5 0.5911875 0.10546875 0.153115 0.1640615
5 0.9165615 0.15390615 0.0818115 0.1390615