4 0.08046875 0.609375 0.0625 0.15
0 0.08046875 0.609375 0.0625 0.15
4 0.10703125 0.7609375 0.0453125 0.0390625
0 0.10703125 0.7609375 0.0453125 0.0390625
4 0.37734375 0.625 0.0578125 0.1328125
0 0.37734375 0.625 0.0578125 0.1328125
4 0.4796875 0.59140625 0.1078125 0.221875
0 0.4796875 0.59140625 0.1078125 0.221875
4 0.52890625 0.775 0.053125 0.0484375
0 0.52890625 0.775 0.053125 0.0484375
4 0.58203125 0.84609375 0.04375 0.040625
0 0.58203125 0.84609375 0.04375 0.040625
4 0.959375 0.81484375 0.065625 0.0828125
0 0.959375 0.81484375 0.065625 0.0828125
5 0.19911875 0.18984375 0.16875 0.43115
5 0.56953115 0.1015615 0.146875 0.315
5 0.7640615 0.58103115 0.109375 0.190615