4 0.14921875 0.35703125 0.084375 0.0984375
0 0.14921875 0.35703125 0.084375 0.0984375
4 0.30859375 0.384375 0.0671875 0.0484375
0 0.30859375 0.384375 0.0671875 0.0484375
4 0.4109375 0.38203125 0.065625 0.04375
0 0.4109375 0.38203125 0.065625 0.04375
4 0.2390625 0.321875 0.0203125 0.0171875
0 0.2390625 0.321875 0.0203125 0.0171875
4 0.53515625 0.4375 0.0515625 0.0484375
0 0.53515625 0.4375 0.0515625 0.0484375
4 0.6625 0.4203125 0.075 0.0625
0 0.6625 0.4203125 0.075 0.0625
4 0.1828125 0.7390625 0.0484375 0.1078125
0 0.1828125 0.7390625 0.0484375 0.1078125
4 0.2640625 0.76328125 0.0984375 0.0984375
0 0.2640625 0.76328125 0.0984375 0.0984375
4 0.36171875 0.82109375 0.1015625 0.115625
0 0.36171875 0.82109375 0.1015625 0.115625
4 0.64453125 0.728125 0.0703125 0.128125
0 0.64453125 0.728125 0.0703125 0.128125
4 0.79921875 0.75234375 0.18125 0.1515625
0 0.79921875 0.75234375 0.18125 0.1515625
4 0.93515625 0.78984375 0.0765625 0.0890625
0 0.93515625 0.78984375 0.0765625 0.0890625
5 0.3115 0.1578115 0.3411875 0.3140615
5 0.7390615 0.1911875 0.4615 0.36875
5 0.78359375 0.584375 0.1318115 0.115
5 0.88115 0.56640615 0.0578115 0.1015615
5 0.9165615 0.71109375 0.040615 0.040615
5 0.58984375 0.584375 0.118115 0.15
5 0.15615 0.64196875 0.065615 0.115
5 0.1796875 0.6515615 0.0984375 0.0671875
5 0.35703115 0.74375 0.0615 0.03115
5 0.03115 0.60703115 0.053115 0.16875