4 0.0921875 0.6515625 0.0515625 0.10625
0 0.0921875 0.6515625 0.0515625 0.10625
4 0.15390625 0.72265625 0.0203125 0.0390625
0 0.15390625 0.72265625 0.0203125 0.0390625
4 0.2234375 0.69453125 0.0359375 0.0546875
0 0.2234375 0.69453125 0.0359375 0.0546875
4 0.37109375 0.73828125 0.0609375 0.0921875
0 0.37109375 0.73828125 0.0609375 0.0921875
4 0.5140625 0.725 0.15 0.0796875
0 0.5140625 0.725 0.15 0.0796875
4 0.66484375 0.72578125 0.1171875 0.09375
0 0.66484375 0.72578125 0.1171875 0.09375
4 0.77421875 0.7078125 0.0234375 0.04375
0 0.77421875 0.7078125 0.0234375 0.04375
4 0.8125 0.7171875 0.0203125 0.04375
0 0.8125 0.7171875 0.0203125 0.04375
5 0.609375 0.40859375 0.3703115 0.5103115
5 0.8640615 0.61890615 0.0984375 0.1318115
5 0.19453115 0.4796875 0.1515615 0.315