4 0.1046875 0.8421875 0.1765625 0.16875
0 0.1046875 0.8421875 0.1765625 0.16875
4 0.13125 0.6703125 0.05625 0.04375
0 0.13125 0.6703125 0.05625 0.04375
4 0.27890625 0.79921875 0.11875 0.18125
0 0.27890625 0.79921875 0.11875 0.18125
4 0.37265625 0.76171875 0.040625 0.0578125
0 0.37265625 0.76171875 0.040625 0.0578125
4 0.48046875 0.5734375 0.2765625 0.3328125
0 0.48046875 0.5734375 0.2765625 0.3328125
4 0.5421875 0.75859375 0.034375 0.034375
0 0.5421875 0.75859375 0.034375 0.034375
4 0.52890625 0.37734375 0.034375 0.0703125
0 0.52890625 0.37734375 0.034375 0.0703125
4 0.5921875 0.34765625 0.0484375 0.0625
0 0.5921875 0.34765625 0.0484375 0.0625
4 0.7671875 0.615625 0.0703125 0.065625
0 0.7671875 0.615625 0.0703125 0.065625
4 0.83203125 0.62734375 0.021875 0.03125
0 0.83203125 0.62734375 0.021875 0.03125
4 0.884375 0.6234375 0.0296875 0.053125
0 0.884375 0.6234375 0.0296875 0.053125
4 0.7171875 0.7796875 0.075 0.0703125
0 0.7171875 0.7796875 0.075 0.0703125
4 0.91328125 0.725 0.1703125 0.096875
0 0.91328125 0.725 0.1703125 0.096875
4 0.915625 0.88203125 0.040625 0.071875
0 0.915625 0.88203125 0.040625 0.071875
5 0.65134375 0.0875 0.18115 0.146875
5 0.8953115 0.13115 0.1875 0.1015615
5 0.49196875 0.35 0.0703115 0.1911875