4 0.10078125 0.3921875 0.115625 0.2546875
0 0.10078125 0.3921875 0.115625 0.2546875
4 0.11171875 0.821875 0.075 0.271875
0 0.11171875 0.821875 0.075 0.271875
4 0.30546875 0.2984375 0.15625 0.3296875
0 0.30546875 0.2984375 0.15625 0.3296875
4 0.72578125 0.353125 0.165625 0.2125
0 0.72578125 0.353125 0.165625 0.2125
4 0.95546875 0.55546875 0.075 0.34375
0 0.95546875 0.55546875 0.075 0.34375
4 0.34375 0.77890625 0.3609375 0.196875
0 0.34375 0.77890625 0.3609375 0.196875
5 0.53515615 0.10078115 0.915615 0.4015615