4 0.584375 0.63359375 0.0703125 0.0796875
0 0.584375 0.63359375 0.0703125 0.0796875
4 0.66796875 0.63671875 0.053125 0.0609375
0 0.66796875 0.63671875 0.053125 0.0609375
4 0.7796875 0.66953125 0.028125 0.05625
0 0.7796875 0.66953125 0.028125 0.05625
4 0.85703125 0.73203125 0.0453125 0.04375
0 0.85703125 0.73203125 0.0453125 0.04375
5 0.11640615 0.15615 0.1134375 0.4859375
5 0.14140615 0.6671875 0.075 0.0671875
5 0.06015615 0.615615 0.1078115 0.1318115
5 0.19453115 0.3890615 0.115615 0.18115
5 0.46875 0.1734375 0.071875 0.1165615
5 0.41890615 0.4318115 0.0984375 0.1134375
5 0.65859375 0.359375 0.115 0.1134375