4 0.10078125 0.75703125 0.2015625 0.1296875
0 0.10078125 0.75703125 0.2015625 0.1296875
4 0.55390625 0.665625 0.0828125 0.0703125
0 0.55390625 0.665625 0.0828125 0.0703125
4 0.60234375 0.47265625 0.115625 0.1546875
0 0.60234375 0.47265625 0.115625 0.1546875
4 0.73046875 0.63203125 0.1078125 0.15625
0 0.73046875 0.63203125 0.1078125 0.15625
4 0.634375 0.72734375 0.05625 0.0890625
0 0.634375 0.72734375 0.05625 0.0890625
5 0.5015615 0.1984375 0.1515615 0.118115
4 0.1625 0.35 0.0453125 0.0515625
0 0.1625 0.35 0.0453125 0.0515625
4 0.03515625 0.584375 0.0578125 0.0531250 0.03515625 0.584375 0.0578125 0.053125