4 0.115625 0.796875 0.0265625 0.065625
0 0.115625 0.796875 0.0265625 0.065625
4 0.23671875 0.72109375 0.146875 0.1828125
0 0.23671875 0.72109375 0.146875 0.1828125
4 0.4328125 0.69921875 0.178125 0.1640625
0 0.4328125 0.69921875 0.178125 0.1640625
4 0.5359375 0.69375 0.009375 0.0578125
0 0.5359375 0.69375 0.009375 0.0578125
4 0.55546875 0.67578125 0.0140625 0.0625
0 0.55546875 0.67578125 0.0140625 0.0625
4 0.58515625 0.68984375 0.0125 0.034375
0 0.58515625 0.68984375 0.0125 0.034375
4 0.80625 0.5671875 0.3765625 0.2703125
0 0.80625 0.5671875 0.3765625 0.2703125
4 0.2140625 0.56015625 0.0765625 0.1156250 0.2140625 0.56015625 0.0765625 0.115625