5 0.36171875 0.11171875 0.6818115 0.409375
4 0.5265625 0.50859375 0.0796875 0.1421875
0 0.5265625 0.50859375 0.0796875 0.1421875
4 0.77421875 0.446875 0.0484375 0.0890625
0 0.77421875 0.446875 0.0484375 0.0890625
4 0.2921875 0.64765625 0.084375 0.0515625
0 0.2921875 0.64765625 0.084375 0.0515625
4 0.36640625 0.49140625 0.053125 0.0671875
0 0.36640625 0.49140625 0.053125 0.0671875
4 0.09609375 0.6421875 0.0484375 0.04375
0 0.09609375 0.6421875 0.0484375 0.04375
4 0.2828125 0.53828125 0.0546875 0.0578125
0 0.2828125 0.53828125 0.0546875 0.0578125
4 0.6140625 0.58671875 0.0765625 0.0750 0.6140625 0.58671875 0.0765625 0.075