4 0.771875 0.865625 0.0515625 0.1234375
0 0.771875 0.865625 0.0515625 0.1234375
4 0.9078125 0.946875 0.178125 0.0921875
0 0.9078125 0.946875 0.178125 0.0921875
4 0.13203125 0.85234375 0.1609375 0.190625
0 0.13203125 0.85234375 0.1609375 0.190625
4 0.24140625 0.9578125 0.065625 0.0625
0 0.24140625 0.9578125 0.065625 0.0625
4 0.44140625 0.94140625 0.0203125 0.0359375
0 0.44140625 0.94140625 0.0203125 0.0359375
5 0.718115 0.1859375 0.111875 0.4578115
5 0.8640615 0.103115 0.1859375 0.1359375
5 0.5984375 0.49765615 0.3109375 0.1953115
5 0.4859375 0.1390615 0.1875 0.159375