4 0.484375 0.4203125 0.1734375 0.34375
0 0.484375 0.4203125 0.1734375 0.34375
4 0.4328125 0.58515625 0.0671875 0.0796875
0 0.4328125 0.58515625 0.0671875 0.0796875
4 0.453125 0.7296875 0.1078125 0.1015625
0 0.453125 0.7296875 0.1078125 0.1015625
4 0.55078125 0.67421875 0.0703125 0.1421875
0 0.55078125 0.67421875 0.0703125 0.1421875
5 0.418115 0.115 0.1703115 0.1318115
5 0.4078115 0.19911875 0.0765615 0.1578115
5 0.63359375 0.16796875 0.1078115 0.3359375
5 0.87109375 0.14765615 0.1318115 0.1859375