4 0.1984375 0.26953125 0.128125 0.3734375
0 0.1984375 0.26953125 0.128125 0.3734375
4 0.3703125 0.28359375 0.134375 0.409375
0 0.3703125 0.28359375 0.134375 0.409375
4 0.57578125 0.3703125 0.3125 0.18125
0 0.57578125 0.3703125 0.3125 0.18125
4 0.77421875 0.44375 0.0453125 0.103125
0 0.77421875 0.44375 0.0453125 0.103125
4 0.68046875 0.50859375 0.096875 0.084375
0 0.68046875 0.50859375 0.096875 0.084375
4 0.56640625 0.53984375 0.0921875 0.0625
0 0.56640625 0.53984375 0.0921875 0.0625
4 0.51328125 0.67578125 0.1453125 0.0296875
0 0.51328125 0.67578125 0.1453125 0.0296875
4 0.6390625 0.6828125 0.0390625 0.03125
0 0.6390625 0.6828125 0.0390625 0.03125
4 0.390625 0.69921875 0.04375 0.04375
0 0.390625 0.69921875 0.04375 0.04375
4 0.19140625 0.6859375 0.0515625 0.059375
0 0.19140625 0.6859375 0.0515625 0.059375
5 0.46875 0.0671875 0.4109375 0.1015615
5 0.5615 0.1984375 0.1046875 0.10615