4 0.1515625 0.81953125 0.15625 0.2109375
0 0.1515625 0.81953125 0.15625 0.2109375
4 0.8296875 0.41796875 0.3140625 0.4
0 0.8296875 0.41796875 0.3140625 0.4
4 0.42578125 0.3859375 0.0453125 0.075
0 0.42578125 0.3859375 0.0453125 0.075
4 0.5734375 0.46171875 0.121875 0.1015625
0 0.5734375 0.46171875 0.121875 0.1015625
4 0.2484375 0.26171875 0.034375 0.0515625
0 0.2484375 0.26171875 0.034375 0.0515625
4 0.34609375 0.24140625 0.071875 0.0609375
0 0.34609375 0.24140625 0.071875 0.0609375
4 0.44609375 0.2828125 0.0578125 0.0609375
0 0.44609375 0.2828125 0.0578125 0.0609375
5 0.6165615 0.15615 0.7165615 0.3078115
5 0.11875 0.7765615 0.1375 0.315