4 0.77265625 0.70703125 0.10625 0.0921875
0 0.77265625 0.70703125 0.10625 0.0921875
4 0.41953125 0.73203125 0.1875 0.2
0 0.41953125 0.73203125 0.1875 0.2
4 0.203125 0.78359375 0.2234375 0.1859375
0 0.203125 0.78359375 0.2234375 0.1859375
4 0.67890625 0.77265625 0.084375 0.04375
0 0.67890625 0.77265625 0.084375 0.04375
4 0.75 0.8390625 0.1546875 0.096875
0 0.75 0.8390625 0.1546875 0.096875
4 0.14296875 0.41953125 0.23125 0.271875
0 0.14296875 0.41953125 0.23125 0.271875
4 0.57578125 0.72578125 0.1015625 0.1531250 0.57578125 0.72578125 0.1015625 0.153125