17 0.55390625 0.08671875 0.4171875 0.1734375
17 0.88828125 0.22265625 0.22265625 0.23359375
17 0.16015625 0.25859375 0.3203125 0.23203125
17 0.32734375 0.47734375 0.34765625 0.2
17 0.784375 0.44765625 0.359375 0.1890625
17 0.66484375 0.6875 0.3453125 0.17109375
17 0.50703125 0.89140625 0.3296875 0.153125
17 0.321875 0.74140625 0.2 0.13203125
17 0.11640625 0.71328125 0.171875 0.1546875
17 0.1046875 0.90703125 0.209375 0.1859375
17 0.90546875 0.89140625 0.18828125 0.21640625
17 0.70625 0.95234375 0.1421875 0.0953125