14 0.0328125 0.765625 0.1765625 0.765625 0.1765625 0.875 0.0328125 0.875
14 0.61640625 0.471875 0.70234375 0.471875 0.70234375 0.5578125 0.61640625 0.5578125
14 0.75390625 0.4265625 0.83984375 0.4265625 0.83984375 0.5015625 0.75390625 0.5015625
14 0.4140625 0.71640625 0.5296875 0.71640625 0.5296875 0.82421875 0.4140625 0.82421875
14 0.6015625 0.3890625 0.671875 0.3890625 0.671875 0.4578125 0.6015625 0.4578125
14 0.3984375 0.8015625 0.5265625 0.8015625 0.5265625 0.9375 0.3984375 0.9375
14 0.453125 0.4484375 0.53125 0.4484375 0.53125 0.53125 0.453125 0.53125
14 0.0765625 0.684375 0.1953125 0.684375 0.1953125 0.7796875 0.0765625 0.7796875
14 0.21875 0.7046875 0.3359375 0.7046875 0.3359375 0.803125 0.21875 0.803125
14 0.8265625 0.6234375 0.9515625 0.6234375 0.9515625 0.734375 0.8265625 0.734375
14 0.653125 0.809375 0.7890625 0.809375 0.7890625 0.95 0.653125 0.95
14 0.7703125 0.5078125 0.9203125 0.5078125 0.9203125 0.6671875 0.7703125 0.6671875
14 0.2375 0.63125 0.353125 0.63125 0.353125 0.7203125 0.2375 0.7203125