14 0.3171875 0.41796875 0.3921875 0.41796875 0.3921875 0.51015625 0.3171875 0.51015625
14 0.396875 0.35078125 0.4484375 0.35078125 0.4484375 0.42578125 0.396875 0.42578125
14 0.7140625 0.49375 0.8328125 0.49375 0.8328125 0.6078125 0.7140625 0.6078125
14 0.203125 0.50390625 0.3109375 0.50390625 0.3109375 0.62734375 0.203125 0.62734375
14 0.63984375 0.4171875 0.72265625 0.4171875 0.72265625 0.503125 0.63984375 0.503125
14 0.83984375 0.6140625 0.98828125 0.6140625 0.98828125 0.775 0.83984375 0.775
14 0.584375 0.3578125 0.6453125 0.3578125 0.6453125 0.428125 0.584375 0.428125
14 0.05078125 0.63203125 0.20078125 0.63203125 0.20078125 0.81171875 0.05078125 0.81171875
14 0.54453125 0.31484375 0.58828125 0.31484375 0.58828125 0.37265625 0.54453125 0.37265625
14 0.50703125 0.27421875 0.54609375 0.27421875 0.54609375 0.32734375 0.50703125 0.32734375
14 0.453125 0.3125 0.4984375 0.3125 0.4984375 0.371875 0.453125 0.371875