14 0.3953125 0.4625 0.54375 0.4625 0.54375 0.665625 0.3953125 0.665625
14 0.046875 0.4578125 0.196875 0.4578125 0.196875 0.6640625 0.046875 0.6640625
14 0.496875 0.59140625 0.609375 0.59140625 0.609375 0.74296875 0.496875 0.74296875
14 0.434375 0.00078125 0.70625 0.00078125 0.70625 0.30546875 0.434375 0.30546875
14 0.303125 0.665625 0.409375 0.665625 0.409375 0.796875 0.303125 0.796875
14 0.75703125 0.45625 0.88046875 0.45625 0.88046875 0.615625 0.75703125 0.615625
14 0.5296875 0.6625 0.6546875 0.6625 0.6546875 0.8078125 0.5296875 0.8078125
14 0.26640625 0.2625 0.40859375 0.2625 0.40859375 0.509375 0.26640625 0.509375
14 0.2078125 0.5859375 0.3265625 0.5859375 0.3265625 0.7609375 0.2078125 0.7609375
14 0.809375 0.584375 0.915625 0.584375 0.915625 0.721875 0.809375 0.721875
14 0.859375 0.6546875 0.959375 0.6546875 0.959375 0.7921875 0.859375 0.7921875