14 0.82421875 0.76484375 0.96796875 0.76484375 0.96796875 0.87578125 0.82421875 0.87578125
14 0.29765625 0.471875 0.38359375 0.471875 0.38359375 0.5578125 0.29765625 0.5578125
14 0.16015625 0.42734375 0.24609375 0.42734375 0.24609375 0.50234375 0.16015625 0.50234375
14 0.4703125 0.71640625 0.5859375 0.71640625 0.5859375 0.82421875 0.4703125 0.82421875
14 0.328125 0.38984375 0.3984375 0.38984375 0.3984375 0.45859375 0.328125 0.45859375
14 0.4734375 0.80078125 0.6015625 0.80078125 0.6015625 0.93828125 0.4734375 0.93828125
14 0.46796875 0.4484375 0.54765625 0.4484375 0.54765625 0.53125 0.46796875 0.53125
14 0.80546875 0.684375 0.92421875 0.684375 0.92421875 0.7796875 0.80546875 0.7796875
14 0.66328125 0.70390625 0.78203125 0.70390625 0.78203125 0.80390625 0.66328125 0.80390625
14 0.04921875 0.62265625 0.17421875 0.62265625 0.17421875 0.73515625 0.04921875 0.73515625
14 0.2109375 0.809375 0.346875 0.809375 0.346875 0.95 0.2109375 0.95
14 0.08046875 0.5078125 0.23046875 0.5078125 0.23046875 0.6671875 0.08046875 0.6671875
14 0.64609375 0.63125 0.76328125 0.63125 0.76328125 0.7203125 0.64609375 0.7203125