14 0.3171875 0.41875 0.3921875 0.41875 0.3921875 0.509375 0.3171875 0.509375
14 0.396875 0.3515625 0.4484375 0.3515625 0.4484375 0.425 0.396875 0.425
14 0.7140625 0.49375 0.8328125 0.49375 0.8328125 0.6078125 0.7140625 0.6078125
14 0.203125 0.50390625 0.3109375 0.50390625 0.3109375 0.62734375 0.203125 0.62734375
14 0.640625 0.4171875 0.721875 0.4171875 0.721875 0.503125 0.640625 0.503125
14 0.840625 0.6140625 0.9875 0.6140625 0.9875 0.775 0.840625 0.775
14 0.584375 0.3578125 0.6453125 0.3578125 0.6453125 0.428125 0.584375 0.428125
14 0.0515625 0.63203125 0.2 0.63203125 0.2 0.81171875 0.0515625 0.81171875
14 0.5453125 0.315625 0.5875 0.315625 0.5875 0.371875 0.5453125 0.371875
14 0.50703125 0.2734375 0.54609375 0.2734375 0.54609375 0.3265625 0.50703125 0.3265625
14 0.453125 0.3125 0.4984375 0.3125 0.4984375 0.371875 0.453125 0.371875