14 0.8234375 0.125 0.9671875 0.125 0.9671875 0.234375 0.8234375 0.234375
14 0.29765625 0.4421875 0.38359375 0.4421875 0.38359375 0.528125 0.29765625 0.528125
14 0.16015625 0.4984375 0.24609375 0.4984375 0.24609375 0.5734375 0.16015625 0.5734375
14 0.4703125 0.17578125 0.5859375 0.17578125 0.5859375 0.28359375 0.4703125 0.28359375
14 0.328125 0.5421875 0.3984375 0.5421875 0.3984375 0.6109375 0.328125 0.6109375
14 0.4734375 0.0625 0.6015625 0.0625 0.6015625 0.1984375 0.4734375 0.1984375
14 0.46875 0.46875 0.546875 0.46875 0.546875 0.5515625 0.46875 0.5515625
14 0.8046875 0.2203125 0.9234375 0.2203125 0.9234375 0.315625 0.8046875 0.315625
14 0.6640625 0.196875 0.78125 0.196875 0.78125 0.2953125 0.6640625 0.2953125
14 0.0484375 0.265625 0.1734375 0.265625 0.1734375 0.3765625 0.0484375 0.3765625
14 0.2109375 0.05 0.346875 0.05 0.346875 0.190625 0.2109375 0.190625
14 0.0796875 0.3328125 0.2296875 0.3328125 0.2296875 0.4921875 0.0796875 0.4921875
14 0.646875 0.2796875 0.7625 0.2796875 0.7625 0.36875 0.646875 0.36875