14 0.45625 0.334375 0.6046875 0.334375 0.6046875 0.5375 0.45625 0.5375
14 0.803125 0.33671875 0.953125 0.33671875 0.953125 0.54296875 0.803125 0.54296875
14 0.38984375 0.25703125 0.50390625 0.25703125 0.50390625 0.40859375 0.38984375 0.40859375
14 0.29375 0.69453125 0.565625 0.69453125 0.565625 0.99921875 0.29375 0.99921875
14 0.590625 0.203125 0.696875 0.203125 0.696875 0.334375 0.590625 0.334375
14 0.11953125 0.384375 0.24296875 0.384375 0.24296875 0.54375 0.11953125 0.54375
14 0.3453125 0.1921875 0.4703125 0.1921875 0.4703125 0.3375 0.3453125 0.3375
14 0.59140625 0.490625 0.73359375 0.490625 0.73359375 0.7375 0.59140625 0.7375
14 0.67421875 0.23984375 0.79296875 0.23984375 0.79296875 0.41484375 0.67421875 0.41484375
14 0.084375 0.27734375 0.190625 0.27734375 0.190625 0.41640625 0.084375 0.41640625
14 0.040625 0.2078125 0.140625 0.2078125 0.140625 0.3453125 0.040625 0.3453125