14 0.6078125 0.490625 0.6828125 0.490625 0.6828125 0.58125 0.6078125 0.58125
14 0.5515625 0.575 0.603125 0.575 0.603125 0.6484375 0.5515625 0.6484375
14 0.1671875 0.3921875 0.2859375 0.3921875 0.2859375 0.50625 0.1671875 0.50625
14 0.6890625 0.37265625 0.796875 0.37265625 0.796875 0.49609375 0.6890625 0.49609375
14 0.278125 0.496875 0.359375 0.496875 0.359375 0.5828125 0.278125 0.5828125
14 0.0125 0.225 0.159375 0.225 0.159375 0.3859375 0.0125 0.3859375
14 0.3546875 0.571875 0.415625 0.571875 0.415625 0.6421875 0.3546875 0.6421875
14 0.8 0.18828125 0.9484375 0.18828125 0.9484375 0.36796875 0.8 0.36796875
14 0.4125 0.628125 0.4546875 0.628125 0.4546875 0.684375 0.4125 0.684375
14 0.45390625 0.6734375 0.49296875 0.6734375 0.49296875 0.7265625 0.45390625 0.7265625
14 0.5015625 0.628125 0.546875 0.628125 0.546875 0.6875 0.5015625 0.6875