14 0.71015625 0.66875 0.76484375 0.66875 0.76484375 0.70625 0.71015625 0.70625
14 0.775 0.6109375 0.8703125 0.6109375 0.8703125 0.675 0.775 0.675
14 0.671875 0.51953125 0.803125 0.51953125 0.803125 0.63359375 0.671875 0.63359375
14 0.5453125 0.553125 0.6671875 0.553125 0.6671875 0.646875 0.5453125 0.646875
14 0.6125 0.43203125 0.759375 0.43203125 0.759375 0.54296875 0.6125 0.54296875
14 0.55625 0.36953125 0.728125 0.36953125 0.728125 0.50546875 0.55625 0.50546875
14 0.49375 0.2671875 0.6890625 0.2671875 0.6890625 0.471875 0.49375 0.471875
14 0.403125 0.140625 0.6265625 0.140625 0.6265625 0.409375 0.403125 0.409375
14 0.36640625 0.41953125 0.53359375 0.41953125 0.53359375 0.55234375 0.36640625 0.55234375
14 0.321875 0.3515625 0.4640625 0.3515625 0.4640625 0.4875 0.321875 0.4875
14 0.2 0.28203125 0.3765625 0.28203125 0.3765625 0.46796875 0.2 0.46796875