14 0.23515625 0.29296875 0.28984375 0.29296875 0.28984375 0.33203125 0.23515625 0.33203125
14 0.12890625 0.325 0.22578125 0.325 0.22578125 0.3890625 0.12890625 0.3890625
14 0.196875 0.36640625 0.328125 0.36640625 0.328125 0.48046875 0.196875 0.48046875
14 0.33359375 0.353125 0.45546875 0.353125 0.45546875 0.446875 0.33359375 0.446875
14 0.240625 0.45703125 0.3875 0.45703125 0.3875 0.56796875 0.240625 0.56796875
14 0.27109375 0.49453125 0.44453125 0.49453125 0.44453125 0.63046875 0.27109375 0.63046875
14 0.31015625 0.528125 0.50703125 0.528125 0.50703125 0.7328125 0.31015625 0.7328125
14 0.37265625 0.590625 0.59765625 0.590625 0.59765625 0.859375 0.37265625 0.859375
14 0.46640625 0.44765625 0.63359375 0.44765625 0.63359375 0.58046875 0.46640625 0.58046875
14 0.5359375 0.5125 0.678125 0.5125 0.678125 0.6484375 0.5359375 0.6484375
14 0.62265625 0.53203125 0.80078125 0.53203125 0.80078125 0.71796875 0.62265625 0.71796875