11 0.53515625 0.5013888888888889 0.1875 0.35
11 0.354015625 0.27455555555555555 0.128328125 0.09974999999999999
11 0.2029375 0.2894722222222222 0.07540625 0.09983333333333333
11 0.21056249999999999 0.3383333333333333 0.048125 0.2003611111111111
11 0.257484375 0.29555555555555557 0.04090625 0.12050000000000001
11 0.46103125 0.2748611111111111 0.0316875 0.11480555555555555
11 0.5009375 0.2738055555555555 0.022453124999999997 0.09983333333333333
11 0.552734375 0.22152777777777777 0.012843750000000001 0.05508333333333333
11 0.540515625 0.22388888888888886 0.011265625 0.04975
11 0.8055468749999999 0.23427777777777778 0.02975 0.13280555555555557
11 0.026296874999999997 0.4106666666666667 0.0390625 0.17494444444444443