11 0.53515625 0.5013888888888889 0.1984375 0.3680555555555556
11 0.354015625 0.27455555555555555 0.1290078124999999 0.10543055555555551
11 0.2029375 0.2894722222222222 0.07598437499999999 0.10269444444444444
11 0.21056249999999999 0.33833333333333326 0.051406249999999966 0.20156944444444444
11 0.257484375 0.29555555555555557 0.04467187499999996 0.12275
11 0.46103125 0.2748611111111111 0.03303124999999998 0.1157361111111111
11 0.5009375 0.2738055555555555 0.026070312499999915 0.10130555555555555
11 0.552734375 0.22152777777777777 0.014234375000000021 0.05531944444444442
11 0.540515625 0.22388888888888886 0.011882812500000029 0.049874999999999954
11 0.8055468749999999 0.23427777777777778 0.03049999999999997 0.13306944444444443
11 0.026296874999999997 0.4106666666666667 0.03984375 0.17497222222222225